0	6.193241625
0.01	4.858688893
0.02	5.373683804
0.03	2.584992293
0.04	1.834561174
0.05	3.742183802
0.06	3.110433529
0.07	1.678233761
0.08	2.489282937
0.09	4.778389333
0.1	4.598283958
0.11	3.040887399
0.12	3.653599951
0.13	5.441533049
0.14	2.056942113
0.15	2.787522906
0.16	3.39456624
0.17	1.210305835
0.18	5.530740542
0.19	2.536177538
0.2	3.082129406
0.21	4.556528465
0.22	5.339005527
0.23	3.344254335
0.24	1.037357778
0.25	4.117373697
0.26	4.599322728
0.27	5.048879168
0.28	2.666873439
0.29	4.593035287
0.3	3.62583775
0.31	2.127021422
0.32	4.642790307
0.33	3.795271152
0.34	4.841545627
0.35	0.890389873
0.36	3.820292648
0.37	1.360337653
0.38	4.237064625
0.39	3.070250861
0.4	1.271622585
0.41	0.866840785
0.42	3.086027948
0.43	3.210374051
0.44	1.672813509
0.45	4.361668082
0.46	3.471875305
0.47	3.761720314
0.48	4.983603626
0.49	1.388859182
0.5	2.455204313
0.51	2.533845269
0.52	1.295469407
0.53	4.058957608
0.54	1.691589772
0.55	4.937071247
0.56	2.535269664
0.57	1.429216326
0.58	2.340235632
0.59	3.18040879
0.6	4.444734308
0.61	3.972589406
0.62	3.224515712
0.63	2.862307263
0.64	3.215912795
0.65	1.897825172
0.66	2.745447761
0.67	3.529086516
0.68	4.516478405
0.69	2.211221094
0.7	1.381476749
0.71	5.086974422
0.72	5.231750327
0.73	5.398015168
0.74	2.657500879
0.75	2.56602617
0.76	5.500392738
0.77	5.916044796
0.78	5.762067631
0.79	1.507788081
0.8	2.905596687
0.81	4.14478956
0.82	4.915480986
0.83	4.303289868
0.84	5.762075906
0.85	1.410746302
0.86	5.547626728
0.87	1.371873671
0.88	1.594990314
0.89	2.422658834
0.9	5.609718638
0.91	3.360832861
0.92	3.884061544
0.93	1.87059931
0.94	3.307449365
0.95	2.191891547
0.96	3.951492413
0.97	6.467337922
0.98	5.615930988
0.99	4.299535614
1	3.168977796
1.01	4.212014551
1.02	5.149587311
1.03	4.307961194
1.04	3.514539797
1.05	4.85448345
1.06	6.631272168
1.07	6.839289206
1.08	5.877981482
1.09	5.885081299
1.1	7.405051873
1.11	4.988487779
1.12	6.867364219
1.13	5.357362808
1.14	7.759177189
1.15	5.421830383
1.16	6.636707736
1.17	3.527418361
1.18	5.364484212
1.19	6.918942051
1.2	5.079688276
1.21	6.990896474
1.22	5.922535694
1.23	3.691011398
1.24	4.622755135
1.25	5.969029015
1.26	8.377273555
1.27	8.628499824
1.28	6.832542455
1.29	7.158987842
1.3	8.646448853
1.31	6.808412209
1.32	5.443384988
1.33	7.970165681
1.34	8.583117985
1.35	7.99812477
1.36	7.385269904
1.37	9.395923704
1.38	6.440836378
1.39	6.551393509
1.4	7.718024436
1.41	7.117761072
1.42	7.409890313
1.43	8.950779602
1.44	7.868534303
1.45	10.31641998
1.46	9.519172951
1.47	8.289489504
1.48	6.229937119
1.49	10.86172234
1.5	8.610324057
1.51	8.757156284
1.52	9.267691944
1.53	8.076312189
1.54	8.171908519
1.55	7.833732829
1.56	7.549429299
1.57	9.605782219
1.58	10.68622138
1.59	9.954085864
1.6	7.825515057
1.61	11.84113944
1.62	8.471934034
1.63	11.64567645
1.64	10.59221903
1.65	9.103588241
1.66	9.679321748
1.67	11.6194345
1.68	12.37580418
1.69	9.761105825
1.7	10.84466139
1.71	8.971044249
1.72	10.43709119
1.73	12.73919846
1.74	10.95247609
1.75	12.39391216
1.76	10.77237377
1.77	11.56267834
1.78	12.59173561
1.79	14.33014497
1.8	14.7744602
1.81	13.83120599
1.82	12.86895815
1.83	12.191435
1.84	10.75363878
1.85	14.52212639
1.86	10.75277292
1.87	13.23941446
1.88	11.27789538
1.89	11.36688353
1.9	13.20959438
1.91	14.07545942
1.92	15.64212939
1.93	16.63342017
1.94	15.69645315
1.95	14.28961494
1.96	13.36570909
1.97	16.52877405
1.98	15.79232702
1.99	13.56486005
2	15.25026742
2.01	16.10225986
2.02	13.34342122
2.03	16.10889678
2.04	14.07960162
2.05	13.78390538
2.06	15.94701127
2.07	16.90511067
2.08	18.42577659
2.09	16.86497734
2.1	19.42405034
2.11	14.88757538
2.12	18.01413161
2.13	18.68810218
2.14	19.99156597
2.15	15.76308538
2.16	16.93107992
2.17	19.72029225
2.18	20.43368987
2.19	19.68852758
2.2	19.0076598
2.21	16.5357759
2.22	20.52815108
2.23	18.96274162
2.24	21.54441659
2.25	21.10011402
2.26	21.97800168
2.27	21.37032499
2.28	21.93215723
2.29	22.6787169
2.3	20.08624149
2.31	18.26459991
2.32	19.3821084
2.33	23.09509479
2.34	19.78742893
2.35	22.00490172
2.36	23.43012789
2.37	20.42759122
2.38	19.78971072
2.39	22.55821989
2.4	23.77289772
2.41	23.92669936
2.42	21.89697774
2.43	22.15402968
2.44	24.13037063
2.45	22.19721093
2.46	25.17671512
2.47	24.64109701
2.48	24.60400334
2.49	24.52338968
2.5	23.99935291
2.51	24.70769076
2.52	22.87422325
2.53	27.26789239
2.54	26.81599347
2.55	23.25593474
2.56	23.43571594
2.57	25.50119154
2.58	26.27301851
2.59	27.02433384
2.6	25.45775996
2.61	27.32453766
2.62	28.640932
2.63	28.78841222
2.64	28.10345436
2.65	27.18248721
2.66	27.635996
2.67	27.00767601
2.68	30.26838279
2.69	27.3687245
2.7	27.93768077
2.71	27.15850958
2.72	26.8599257
2.73	27.84110088
2.74	28.27844181
2.75	31.617751
2.76	30.32503116
2.77	28.76700945
2.78	31.61770426
2.79	29.45632874
2.8	31.7113194
2.81	31.8068386
2.82	29.35771106
2.83	31.50191288
2.84	33.86399963
2.85	31.95270631
2.86	31.26144095
2.87	33.58931819
2.88	30.92925682
2.89	31.56372528
2.9	31.13989833
2.91	33.48738599
2.92	35.82674032
2.93	34.7487718
2.94	35.0488983
2.95	35.68451259
2.96	36.9604377
2.97	33.15704742
2.98	34.12882339
2.99	35.6337358
3	34.58990259
3.01	37.16094379
3.02	36.06813405
3.03	37.19402671
3.04	37.33389974
3.05	37.99139202
3.06	36.0552395
3.07	37.06997194
3.08	35.81660235
3.09	40.68467105
3.1	39.61484019
3.11	38.0250072
3.12	38.25678809
3.13	37.39660082
3.14	41.07386136
3.15	40.24049597
3.16	39.39869644
3.17	40.16469903
3.18	40.67496969
3.19	43.20130682
3.2	40.30326603
3.21	40.83627089
3.22	42.75971466
3.23	43.74609024
3.24	44.50842651
3.25	40.54292682
3.26	44.15771073
3.27	44.51249808
3.28	41.75292423
3.29	42.67576485
3.3	44.57390677
3.31	43.88187128
3.32	44.90173951
3.33	43.18665264
3.34	44.67942579
3.35	46.25924584
3.36	46.89700991
3.37	46.07857752
3.38	46.89366045
3.39	46.84142049
3.4	44.81847294
3.41	46.32307996
3.42	46.87628414
3.43	50.22715501
3.44	47.29698851
3.45	49.98153845
3.46	49.8423727
3.47	49.21725039
3.48	48.82771306
3.49	47.60573725
3.5	50.68667042
3.51	48.33222265
3.52	49.52796048
3.53	51.12581769
3.54	53.00816433
3.55	49.90763486
3.56	52.76398126
3.57	52.69652229
3.58	54.65915833
3.59	55.51406088
3.6	51.05266658
3.61	53.29886699
3.62	53.40662489
3.63	53.7378115
3.64	55.06071
3.65	55.3828039
3.66	57.74046913
3.67	56.93693472
3.68	54.88540677
3.69	55.01979725
3.7	58.97758598
3.71	54.57492346
3.72	57.00463284
3.73	58.53120521
3.74	57.65567515
3.75	59.21957925
3.76	56.83846169
3.77	57.99106088
3.78	57.39493677
3.79	60.39477071
3.8	61.71719721
3.81	60.6179598
3.82	62.19464383
3.83	60.06450202
3.84	61.5218689
3.85	63.90418328
3.86	64.24004934
3.87	60.06174675
3.88	63.81527413
3.89	61.82491871
3.9	65.57645261
3.91	64.34089416
3.92	63.62048578
3.93	63.47816001
3.94	64.56843534
3.95	66.28305743
3.96	67.19066101
3.97	64.10638576
3.98	66.81572689
3.99	67.0667667
4	68.89481163
4.01	68.66253309
4.02	65.15137164
4.03	69.52088188
4.04	66.27503602
4.05	70.99224268
4.06	66.62091468
4.07	68.06687727
4.08	70.00788285
4.09	70.89895566
4.1	68.99097856
4.11	71.53300144
4.12	71.45668274
4.13	73.88295546
4.14	70.60900586
4.15	71.71770522
4.16	72.21120319
4.17	71.45341731
4.18	73.34240472
4.19	73.51999978
4.2	74.40829563
4.21	74.74081389
4.22	74.24285278
4.23	74.69478775
4.24	76.59289698
4.25	78.49777257
4.26	76.11241018
4.27	78.81917992
4.28	76.07652649
4.29	80.11887618
4.3	78.85052677
4.31	77.05759678
4.32	77.44857166
4.33	77.35013456
4.34	77.97172987
4.35	79.38035111
4.36	77.95209619
4.37	82.41911996
4.38	81.01622492
4.39	80.09220301
4.4	83.49575496
4.41	81.61242543
4.42	80.80273141
4.43	85.22727192
4.44	85.04692472
4.45	86.49654982
4.46	86.59750337
4.47	85.10106483
4.48	84.02698512
4.49	85.65665446
4.5	85.87288398
4.51	84.76052661
4.52	88.84446474
4.53	85.97700096
4.54	88.61371988
4.55	88.40421695
4.56	90.40490771
4.57	88.12041478
4.58	87.27258349
4.59	90.92471989
4.6	87.70471371
4.61	89.79589652
4.62	90.71738179
4.63	89.80919848
4.64	91.60549318
4.65	93.76237073
4.66	90.64540461
4.67	92.70154953
4.68	93.95610915
4.69	96.01920842
4.7	91.9613345
4.71	96.18286711
4.72	95.93212826
4.73	96.98270883
4.74	97.22465055
4.75	97.45832465
4.76	96.97185043
4.77	98.66628556
4.78	99.24683666
4.79	96.89004458
4.8	99.27734896
4.81	100.5671492
4.82	99.54976578
4.83	102.2778061
4.84	100.8704305
4.85	98.603196
4.86	102.4617398
4.87	102.786382
4.88	104.1892989
4.89	101.1794059
4.9	105.1962138
4.91	101.4568892
4.92	101.9418951
4.93	104.1050059
4.94	105.9600486
4.95	103.3501652
4.96	103.9393742
4.97	108.0612978
4.98	106.2056722
4.99	106.0995741
5	107.6245993
5.01	109.4554364
5.02	107.9646572
5.03	109.3556724
5.04	107.5618534
5.05	112.4119232
5.06	111.7245441
5.07	108.7524856
5.08	113.8305506
5.09	111.481536
5.1	109.9752264
5.11	110.7818382
5.12	112.4166486
5.13	114.5929066
5.14	116.1867469
5.15	116.5937871
5.16	117.024071
5.17	116.1908079
5.18	115.9864185
5.19	114.2657629
5.2	115.2603287
5.21	119.2599337
5.22	115.6235651
5.23	117.0418678
5.24	119.7537137
5.25	117.7725584
5.26	121.5132135
5.27	121.8547464
5.28	120.3116845
5.29	119.2878636
5.3	122.9804711
5.31	122.0743394
5.32	125.0709602
5.33	123.5868049
5.34	124.7786717
5.35	122.8112321
5.36	125.7564801
5.37	127.7700084
5.38	123.7082209
5.39	126.3940119
5.4	124.6451031
5.41	128.20653
5.42	127.0622172
5.43	128.9974855
5.44	128.1506374
5.45	127.325101
5.46	128.4086283
5.47	132.6940848
5.48	131.5212435
5.49	130.2226364
5.5	130.6584294
5.51	132.3900732
5.52	133.2106938
5.53	134.4967653
5.54	132.6338594
5.55	136.7101107
5.56	133.3130081
5.57	136.3524452
5.58	137.1937758
5.59	134.8128828
5.6	139.0354506
5.61	136.2308769
5.62	138.3095544
5.63	136.5293165
5.64	137.2271664
5.65	140.3922752
5.66	142.5276573
5.67	138.6105799
5.68	142.3497397
5.69	141.3719616
5.7	144.1336775
5.71	142.0079598
5.72	143.2525827
5.73	142.7608694
5.74	146.6759939
5.75	146.2794485
5.76	145.3364692
5.77	144.6263707
5.78	146.9224806
5.79	149.42763
5.8	148.0223267
5.81	147.5575007
5.82	149.3571355
5.83	151.4387086
5.84	147.8001281
5.85	152.2554015
5.86	151.1162253
5.87	150.0555965
5.88	151.4185883
5.89	150.1250603
5.9	150.7213895
5.91	154.7132123
5.92	154.9478799
5.93	155.608635
5.94	155.7420018
5.95	155.3766999
5.96	155.420583
5.97	158.3570201
5.98	159.2486561
5.99	159.3876074
6	160.6277472
6.01	160.744682
6.02	159.3393752
6.03	159.5949086
6.04	159.2295213
6.05	161.3488351
6.06	159.634211
6.07	163.5466853
6.08	161.8277606
6.09	164.1694329
6.1	164.0584744
6.11	163.96646
6.12	165.5065973
6.13	167.3578621
6.14	167.4972478
6.15	166.574939
6.16	168.4917924
6.17	167.9233448
6.18	169.1738625
6.19	168.1734127
6.2	171.7334603
6.21	172.2247263
6.22	171.5193082
6.23	170.7049095
6.24	170.5218453
6.25	174.1165011
6.26	170.9831948
6.27	172.4500222
6.28	173.2166165
6.29	174.7908411
6.3	173.8881288
6.31	175.8698339
6.32	175.3709969
6.33	178.8886964
6.34	177.7742528
6.35	180.0176382
6.36	180.2837406
6.37	181.7752064
6.38	182.5540613
6.39	180.4731157
6.4	182.1074587
6.41	181.2321167
6.42	184.9135312
6.43	182.1257167
6.44	185.8566674
6.45	182.8211108
6.46	186.4729603
6.47	187.5886553
6.48	187.5013384
6.49	185.1293473
6.5	186.8483106
6.51	189.0452563
6.52	187.0097553
6.53	188.5949117
6.54	190.8708732
6.55	190.4950645
6.56	191.5851771
6.57	190.5846729
6.58	191.7001092
6.59	195.0627445
6.6	195.1878007
6.61	193.9803736
6.62	194.2804494
6.63	197.6610805
6.64	197.4763257
6.65	198.7149904
6.66	198.9218925
6.67	198.7311017
6.68	196.481762
6.69	201.8680754
6.7	197.9831355
6.71	201.8537595
6.72	200.4804049
6.73	199.7030212
6.74	201.2288898
6.75	203.6334174
6.76	202.268404
6.77	205.8533973
6.78	206.7952442
6.79	204.5948774
6.8	206.3611808
6.81	204.865066
6.82	207.8762479
6.83	210.0686662
6.84	206.7799359
6.85	210.7559768
6.86	212.1571702
6.87	212.7066029
6.88	211.7238315
6.89	213.3651265
6.9	210.6738407
6.91	212.2874802
6.92	215.2333663
6.93	215.2519821
6.94	213.9810113
6.95	218.5199535
6.96	219.0384567
6.97	218.6395651
6.98	216.7347309
6.99	219.0206056
7	219.8253303
7.01	219.1634758
7.02	219.0803806
7.03	223.3976511
7.04	220.9401149
7.05	224.8108392
7.06	221.9527874
7.07	222.7174874
7.08	223.347351
7.09	223.5978832
7.1	223.7351615
7.11	228.3417678
7.12	226.3663461
7.13	226.1268685
7.14	226.5290583
7.15	231.6869405
7.16	227.816185
7.17	233.0435017
7.18	229.3950341
7.19	230.7826107
7.2	233.2098565
7.21	232.256508
7.22	233.000174
7.23	236.3379152
7.24	236.0855107
7.25	234.5181537
7.26	237.1441991
7.27	239.1212305
7.28	236.3689317
7.29	240.2009173
7.3	240.3648491
7.31	239.7274762
7.32	240.7464834
7.33	242.0381269
7.34	244.1965172
7.35	243.1118649
7.36	241.7167461
7.37	241.8981753
7.38	244.766913
7.39	247.6165735
7.4	248.3103511
7.41	244.8762489
7.42	249.1779146
7.43	250.2046118
7.44	250.4917969
7.45	249.5068808
7.46	249.1313422
7.47	250.6536921
7.48	251.2209932
7.49	255.0167484
7.5	251.2662465
7.51	255.8207982
7.52	254.6337181
7.53	253.8365397
7.54	257.3417265
7.55	258.3403253
7.56	260.0635794
7.57	260.8017696
7.58	256.6800942
7.59	261.118071
7.6	259.0362604
7.61	260.4094416
7.62	262.4540037
7.63	261.4081387
7.64	263.4397532
7.65	262.868086
7.66	266.0028106
7.67	265.3633252
7.68	266.2031006
7.69	266.0694439
7.7	267.3785726
7.71	266.0978111
7.72	270.8957479
7.73	269.0294612
7.74	269.6423551
7.75	271.751329
7.76	273.4253761
7.77	275.1934161
7.78	275.1474413
7.79	272.4871929
7.8	275.2714065
7.81	278.0890329
7.82	277.2894767
7.83	279.0470318
7.84	277.5885348
7.85	278.0999222
7.86	278.1106367
7.87	282.5700487
7.88	282.8732858
7.89	281.5364847
7.9	280.9892642
7.91	283.7338271
7.92	283.960023
7.93	284.2680154
7.94	285.6343372
7.95	286.8687279
7.96	287.8705812
7.97	286.9283181
7.98	288.5845575
7.99	291.4850296
8	288.3293098
8.01	292.2283808
8.02	292.1057051
8.03	291.6738339
8.04	292.938378
8.05	294.4504736
8.06	294.3588827
8.07	293.0456153
8.08	296.430888
8.09	298.4762246
8.1	298.0103554
8.11	297.9911819
8.12	300.305809
8.13	300.8961495
8.14	301.5582711
8.15	299.4642434
8.16	300.6596494
8.17	303.391707
8.18	305.4218059
8.19	302.4961475
8.2	304.6048156
8.21	307.4119722
8.22	308.1257395
8.23	306.4604097
8.24	308.8895491
8.25	310.9246988
8.26	308.2191248
8.27	312.8980071
8.28	313.5501764
8.29	313.0071526
8.3	314.7094174
8.31	315.0133639
8.32	316.268436
8.33	316.2204087
8.34	314.7859395
8.35	318.368001
8.36	316.5162922
8.37	319.3560802
8.38	321.4400521
8.39	318.9479776
8.4	321.09357
8.41	323.8471155
8.42	321.4914196
8.43	325.8081653
8.44	323.6317059
8.45	323.1216753
8.46	327.7907331
8.47	328.2894974
8.48	328.0241925
8.49	326.7379848
8.5	330.4081205
8.51	330.7305654
8.52	332.3128771
8.53	332.3889453
8.54	334.1232054
8.55	330.9984608
8.56	335.4948914
8.57	336.5840445
8.58	335.0354346
8.59	334.8260728
8.6	335.0258061
8.61	336.1865976
8.62	338.0458265
8.63	342.1915963
8.64	342.4675978
8.65	339.2385335
8.66	341.68238
8.67	341.548471
8.68	345.2892831
8.69	342.3452966
8.7	347.1224855
8.71	348.5805845
8.72	348.9360745
8.73	346.0569886
8.74	350.1959493
8.75	349.6326456
8.76	349.5234308
8.77	351.0720698
8.78	351.8813389
8.79	352.9638159
8.8	354.3940055
8.81	355.1169909
8.82	354.8337095
8.83	356.0372732
8.84	359.6297066
8.85	359.6009591
8.86	361.4605477
8.87	357.4491617
8.88	358.4279104
8.89	361.4574988
8.9	363.8072938
8.91	361.8032353
8.92	363.0571089
8.93	367.3103724
8.94	364.7504569
8.95	364.2945411
8.96	366.5973426
8.97	367.6626398
8.98	369.6140151
8.99	368.3942535
9	368.7054151
9.01	369.8886018
9.02	373.5725022
9.03	373.0941445
9.04	375.4594547
9.05	375.9120123
9.06	376.6819262
9.07	375.1164736
9.08	377.0495314
9.09	380.6967283
9.1	377.3940133
9.11	379.3048635
9.12	383.6005217
9.13	382.2855606
9.14	383.6010635
9.15	383.3142258
9.16	382.8580023
9.17	386.1811729
9.18	386.1438218
9.19	388.6696587
9.2	385.9017355
9.21	391.6042336
9.22	389.0051247
9.23	389.1232093
9.24	394.1005573
9.25	392.670424
9.26	395.9345785
9.27	396.1647464
9.28	397.8002998
9.29	396.9887975
9.3	396.8401169
9.31	396.6284752
9.32	397.4908388
9.33	401.9409057
9.34	401.0605871
9.35	402.41169
9.36	403.4559174
9.37	404.1286378
9.38	406.6439035
9.39	403.9866972
9.4	403.998091
9.41	407.4523624
9.42	406.4952335
9.43	410.6495939
9.44	407.8197545
9.45	412.5323132
9.46	409.0497671
9.47	412.4024496
9.48	413.2040055
9.49	415.9994557
9.5	414.2103774
9.51	417.8748122
9.52	415.2055881
9.53	416.3024981
9.54	416.875489
9.55	419.4938809
9.56	422.4680351
9.57	419.6153209
9.58	424.7812262
9.59	424.5572041
9.6	426.477402
9.61	422.7638899
9.62	425.9803681
9.63	425.5416175
9.64	426.7196587
9.65	430.3982595
9.66	427.6867346
9.67	428.3351088
9.68	430.0190844
9.69	433.3467759
9.7	433.9833923
9.71	434.3700353
9.72	436.4419902
9.73	436.9449887
9.74	438.3873401
9.75	439.1621266
9.76	436.8283899
9.77	442.1204261
9.78	439.4942194
9.79	442.9011395
9.8	444.5899641
9.81	442.1924152
9.82	443.7060029
9.83	444.5467159
9.84	444.1995821
9.85	449.1802956
9.86	446.2616035
9.87	448.2719768
9.88	447.9821134
9.89	453.2080785
9.9	450.6636386
9.91	455.2494295
9.92	456.0692251
9.93	457.5035698
9.94	457.7410216
9.95	457.9778114
9.96	457.4402823
9.97	456.3996592
9.98	460.0749436
9.99	462.4351227
10	459.678643
10.01	460.5878611
10.02	464.9340619
10.03	465.1195167
10.04	463.1490861
10.05	465.8554828
10.06	465.1718774
10.07	466.8769963
10.08	466.9296468
10.09	472.0753313
10.1	473.6965093
10.11	471.7844103
10.12	474.134135
10.13	475.3253793
10.14	477.212549
10.15	475.2558751
10.16	478.330334
10.17	476.7318362
10.18	478.558618
10.19	478.460412
10.2	482.795108
10.21	481.7497882
10.22	484.5721422
10.23	483.3071662
10.24	487.3964886
10.25	485.2237134
10.26	484.7765392
10.27	487.9960047
10.28	490.5757947
10.29	490.9680301
10.3	489.4851411
10.31	494.2130101
10.32	494.489366
10.33	492.7347226
10.34	495.0729707
10.35	496.3754849
10.36	495.4535261
10.37	498.3391419
10.38	500.5307914
10.39	499.6115051
10.4	501.082785
10.41	502.7268749
10.42	501.8350957
10.43	505.9945947
10.44	506.6604934
10.45	506.3609517
10.46	504.6778133
10.47	508.4518692
10.48	506.9425706
10.49	509.5703996
10.5	511.8942447
10.51	510.1885026
10.52	514.5269504
10.53	515.3834931
10.54	515.5199775
10.55	518.0041453
10.56	518.9037763
10.57	519.7734476
10.58	516.7144253
10.59	522.2646032
10.6	520.9394978
10.61	520.9235638
10.62	522.6974379
10.63	525.3251069
10.64	523.1341792
10.65	526.3365366
10.66	529.3075058
10.67	528.4862804
10.68	529.0187672
10.69	529.4730417
10.7	530.9850108
10.71	533.5577789
10.72	535.2992718
10.73	534.4365435
10.74	534.3546538
10.75	536.4224653
10.76	539.4786573
10.77	539.8082518
10.78	540.7628462
10.79	542.0311507
10.8	543.0415926
10.81	542.779482
10.82	542.7915566
10.83	542.3668559
10.84	543.6753607
10.85	545.0298195
10.86	549.7401861
10.87	548.8151844
10.88	548.9108584
10.89	551.796062
10.9	552.9267577
10.91	550.635128
10.92	556.531735
10.93	553.6137832
10.94	554.7186193
10.95	555.473238
10.96	560.3399174
10.97	557.7611295
10.98	560.7187453
10.99	561.5228792
11	564.4929574
11.01	565.5741601
11.02	566.7329604
11.03	563.5820659
11.04	568.2567053
11.05	565.4007126
11.06	570.8803683
11.07	571.7082612
11.08	569.3976882
11.09	571.5957345
11.1	570.9250106
11.11	572.1700463
11.12	575.4460745
11.13	577.414038
11.14	575.959409
11.15	578.6633431
11.16	580.4938343
11.17	582.76532
11.18	583.6178627
11.19	583.5053466
11.2	585.5764498
11.21	584.7150166
11.22	585.0376797
11.23	585.7274716
11.24	589.1847793
11.25	590.1916638
11.26	587.9689087
11.27	592.2086845
11.28	594.3998725
11.29	595.7370516
11.3	596.0167737
11.31	594.4849439
11.32	599.3580095
11.33	597.0468485
11.34	599.2456213
11.35	602.5669205
11.36	599.8923305
11.37	601.4929094
11.38	601.2436542
11.39	606.0356397
11.4	605.814842
11.41	605.316942
11.42	610.1503592
11.43	607.3303169
11.44	611.3068886
11.45	613.0659372
11.46	611.806143
11.47	615.0291576
11.48	614.516007
11.49	614.4743443
11.5	618.4627385
11.51	616.3400936
11.52	620.8882148
11.53	617.9407982
11.54	623.1261151
11.55	622.6439612
11.56	622.3601739
11.57	624.4581582
11.58	627.753914
11.59	628.791604
11.6	628.5091967
11.61	626.8314993
11.62	632.2297774
11.63	630.1704432
11.64	631.4785232
11.65	632.9484743
11.66	634.0113094
11.67	637.5382629
11.68	635.907354
11.69	638.0220283
11.7	637.2188196
11.71	642.2739711
11.72	642.4325423
11.73	644.2158011
11.74	645.9391821
11.75	642.8587232
11.76	647.6928909
11.77	648.9768747
11.78	647.013017
11.79	649.5160136
11.8	650.1581289
11.81	653.6686914
11.82	650.2443472
11.83	655.4788108
11.84	652.5056534
11.85	656.0636625
11.86	655.483204
11.87	657.445878
11.88	659.0613196
11.89	662.2747698
11.9	663.4114889
11.91	661.380443
11.92	661.7082676
11.93	662.9220163
11.94	665.4642926
11.95	666.9037366
11.96	670.1925347
11.97	672.1148755
11.98	672.386396
11.99	672.6580055
12	674.7761808
12.01	674.4208879
12.02	675.6894624
12.03	675.6986222
12.04	677.6961744
12.05	680.9858743
12.06	678.9442071
12.07	681.4414287
12.08	682.9980779
12.09	682.7805682
12.1	683.0938843
12.11	685.4904066
12.12	685.8064743
12.13	688.8681239
12.14	688.4308698
12.15	689.1586579
12.16	691.8512724
12.17	691.684371
12.18	694.5039623
12.19	693.4782938
12.2	696.4207586
12.21	700.1722126
12.22	700.1309489
12.23	700.2218417
12.24	699.6276967
12.25	701.9316708
12.26	701.5541148
12.27	705.6829407
12.28	706.1222631
12.29	705.6243979
12.3	708.0089317
12.31	710.8952263
12.32	710.4030614
12.33	713.6949931
12.34	715.4014321
12.35	714.6142366
12.36	715.2777954
12.37	715.3272069
12.38	718.4790532
12.39	718.9678315
12.4	718.325112
12.41	720.9223667
12.42	721.6201252
12.43	723.4584393
12.44	725.2389088
12.45	727.8752136
12.46	727.1069983
12.47	731.2017893
12.48	729.2822395
12.49	730.4902867
12.5	733.9173589
12.51	731.543301
12.52	733.5659564
12.53	735.0585929
12.54	739.7359252
12.55	738.2807122
12.56	740.4414377
12.57	743.2122401
12.58	742.9486307
12.59	744.2937736
12.6	744.3882578
12.61	746.4775647
12.62	744.8104047
12.63	750.1533277
12.64	748.941771
12.65	753.039637
12.66	752.6419331
12.67	752.3653221
12.68	753.3449532
12.69	757.5356304
12.7	757.2170155
12.71	756.307249
12.72	756.8299712
12.73	762.8182476
12.74	761.79975
12.75	764.85981
12.76	766.5816025
12.77	763.6248632
12.78	765.0485538
12.79	766.122181
12.8	767.9023584
12.81	768.761841
12.82	770.1432477
12.83	771.6329355
12.84	773.9449498
12.85	776.3665019
12.86	775.3492979
12.87	776.892791
12.88	778.3280895
12.89	780.9581733
12.9	779.3735272
12.91	784.0892536
12.92	784.2179441
12.93	786.488451
12.94	786.399832
12.95	790.3148347
12.96	791.2498101
12.97	790.3769551
12.98	791.6253145
12.99	794.2416597
13	792.8610614
13.01	797.434831
13.02	794.5639243
13.03	798.1721506
13.04	798.0294581
13.05	801.1765946
13.06	801.0699535
13.07	802.6272839
13.08	801.9298397
13.09	805.6265429
13.1	807.8675071
13.11	808.2319109
13.12	807.3733576
13.13	812.7802391
13.14	813.069858
13.15	812.0771789
13.16	813.2086745
13.17	813.9507237
13.18	818.7390549
13.19	816.0839035
13.2	821.5286624
13.21	821.0661465
13.22	823.6163481
13.23	824.8073177
13.24	826.0036734
13.25	828.2537683
13.26	828.6247004
13.27	828.5000455
13.28	828.165803
13.29	829.5701407
13.3	830.9149713
13.31	836.0572444
13.32	836.8668685
13.33	837.900563
13.34	837.5450001
13.35	836.3345275
13.36	837.8250122
13.37	838.8409674
13.38	842.4890285
13.39	842.2619354
13.4	846.5758333
13.41	844.0204971
13.42	846.9773622
13.43	850.8459072
13.44	849.0214504
13.45	850.2553691
13.46	855.328912
13.47	855.5967979
13.48	855.4647519
13.49	855.9816691
13.5	859.8898366
13.51	859.4528576
13.52	862.9226291
13.53	864.2589355
13.54	865.766008
13.55	866.734386
13.56	864.3823065
13.57	866.819765
13.58	871.1338556
13.59	872.5158578
13.6	870.0405133
13.61	871.2826125
13.62	874.6504988
13.63	873.6169093
13.64	875.9940896
13.65	878.3250242
13.66	877.7729635
13.67	882.1578853
13.68	880.7302035
13.69	885.357843
13.7	886.5600204
13.71	887.6790115
13.72	886.2970392
13.73	887.4264425
13.74	887.5468133
13.75	891.4376315
13.76	890.8043182
13.77	896.0665717
13.78	894.4073253
13.79	894.4168658
13.8	900.1389965
13.81	899.878428
13.82	898.7386503
13.83	900.752597
13.84	903.6906968
13.85	907.0813879
13.86	907.9295985
13.87	908.6199867
13.88	906.5688042
13.89	908.6254066
13.9	910.3512424
13.91	913.0394165
13.92	915.9834333
13.93	914.3093153
13.94	914.7744612
13.95	916.9538035
13.96	918.8808746
13.97	919.1255699
13.98	920.7120802
13.99	921.6385785
14	922.42934
14.01	924.0681352
14.02	926.4006139
14.03	927.7842788
14.04	927.9021033
14.05	932.2911447
14.06	932.3993698
14.07	933.9409145
14.08	934.8136815
14.09	935.5819243
14.1	940.688811
14.11	937.4628822
14.12	939.5855498
14.13	940.7376346
14.14	942.4064272
14.15	946.8245691
14.16	944.5653647
14.17	947.2594247
14.18	948.2135646
14.19	952.3918479
14.2	950.0408742
14.21	955.6925464
14.22	955.2616986
14.23	954.0236897
14.24	959.4838435
14.25	958.9133352
14.26	960.6582779
14.27	963.0783832
14.28	961.2652775
14.29	962.3938448
14.3	965.3156142
14.31	969.9676216
14.32	970.950442
14.33	968.0840522
14.34	970.155716
14.35	971.4498347
14.36	976.674424
14.37	974.0762553
14.38	975.1719347
14.39	976.5904928
14.4	979.656987
14.41	979.9712824
14.42	983.0638988
14.43	984.0633529
14.44	983.5500857
14.45	989.4850884
14.46	990.4765197
14.47	987.517724
14.48	989.6052065
14.49	993.4070763
14.5	991.8279951
14.51	996.1772561
14.52	996.1742887
14.53	997.7872604
14.54	999.5611258
14.55	1001.19205
14.56	1004.840254
14.57	1002.100626
14.58	1006.790244
14.59	1005.950981
14.6	1008.025683
14.61	1009.737625
14.62	1012.850419
14.63	1013.735548
14.64	1015.150165
14.65	1017.088917
14.66	1018.300898
14.67	1017.582661
14.68	1018.15417
14.69	1021.597714
14.7	1024.411442
14.71	1023.385274
14.72	1025.831805
14.73	1029.138552
14.74	1029.056846
14.75	1027.634228
14.76	1030.741783
14.77	1033.983358
14.78	1031.632259
14.79	1035.914446
14.8	1038.805992
14.81	1035.893025
14.82	1038.174243
14.83	1042.758783
14.84	1043.209768
14.85	1041.485072
14.86	1043.013506
14.87	1045.123037
14.88	1045.783622
14.89	1048.045904
14.9	1053.643854
14.91	1052.516705
14.92	1053.810513
14.93	1056.204765
14.94	1056.873298
14.95	1056.572841
14.96	1060.01771
14.97	1060.922816
14.98	1065.088799
14.99	1062.70721
15	1067.561344
15.01	1068.344346
15.02	1068.986263
15.03	1071.494697
15.04	1073.191589
15.05	1073.697167
15.06	1074.576016
15.07	1076.407545
15.08	1076.464179
15.09	1080.653966
15.1	1079.067416
15.11	1082.262343
15.12	1082.233391
15.13	1083.664089
15.14	1084.183951
15.15	1086.305354
15.16	1091.427731
15.17	1088.534614
15.18	1089.914214
15.19	1095.81269
15.2	1096.09503
15.21	1095.18297
15.22	1095.932175
15.23	1101.16593
15.24	1099.704155
15.25	1100.450787
15.26	1102.390382
15.27	1106.623372
15.28	1107.373636
15.29	1109.624052
15.3	1110.568882
15.31	1113.414359
15.32	1110.462436
15.33	1115.596658
15.34	1113.752048
15.35	1115.73635
15.36	1120.189875
15.37	1122.611411
15.38	1121.583756
15.39	1124.012109
15.4	1126.576767
15.41	1124.796678
15.42	1128.45762
15.43	1131.469079
15.44	1129.285706
15.45	1130.555857
15.46	1132.114948
15.47	1135.593704
15.48	1138.966832
15.49	1136.619614
15.5	1138.229622
15.51	1143.260932
15.52	1140.923796
15.53	1144.514717
15.54	1145.512329
15.55	1145.684117
15.56	1148.369109
15.57	1149.261946
15.58	1150.747911
15.59	1151.894196
15.6	1154.529342
15.61	1157.813109
15.62	1158.988571
15.63	1158.102224
15.64	1159.014611
15.65	1162.16835
15.66	1165.939687
15.67	1163.474654
15.68	1165.132074
15.69	1168.311681
15.7	1168.57905
15.71	1172.328245
15.72	1171.634667
15.73	1175.977188
15.74	1178.740947
15.75	1175.426769
15.76	1180.400496
15.77	1178.758196
15.78	1182.127263
15.79	1185.82242
15.8	1187.702226
15.81	1188.607809
15.82	1189.94732
15.83	1189.312116
15.84	1193.88528
15.85	1191.672028
15.86	1192.530801
15.87	1198.51187
15.88	1198.067654
15.89	1201.686206
15.9	1200.41091
15.91	1204.022213
15.92	1201.8783
15.93	1204.639345
15.94	1208.13719
15.95	1211.072789
15.96	1208.893785
15.97	1214.010947
15.98	1211.338977
15.99	1214.09715
16	1214.092827
16.01	1220.050996
16.02	1218.319179
16.03	1219.616128
16.04	1222.357574
16.05	1226.401232
16.06	1227.559695
16.07	1228.686987
16.08	1228.418225
16.09	1230.259547
16.1	1233.276563
16.11	1232.510518
16.12	1235.346027
16.13	1234.553774
16.14	1237.606005
16.15	1238.394868
16.16	1243.036193
16.17	1244.985062
16.18	1246.794364
16.19	1245.083864
16.2	1250.238544
16.21	1247.639337
16.22	1249.211365
16.23	1252.431053
16.24	1254.822445
16.25	1255.060729
16.26	1259.518914
16.27	1259.914447
16.28	1261.515031
16.29	1263.847957
16.3	1262.516672
16.31	1263.763416
16.32	1264.976757
16.33	1268.49168
16.34	1267.588872
16.35	1270.293085
16.36	1270.874448
16.37	1273.553472
16.38	1277.041224
16.39	1279.798618
16.4	1279.884939
16.41	1280.936226
16.42	1281.591337
16.43	1286.858846
16.44	1285.964897
16.45	1288.825417
16.46	1289.31087
16.47	1288.672652
16.48	1291.20458
16.49	1294.583747
16.5	1293.235685
16.51	1299.244857
16.52	1299.172209
16.53	1302.553428
16.54	1299.698187
16.55	1305.009607
16.56	1306.641133
16.57	1305.872578
16.58	1308.583068
16.59	1310.306069
16.6	1314.254597
16.61	1314.643744
16.62	1316.869096
16.63	1318.100913
16.64	1319.42222
16.65	1318.951741
16.66	1322.308713
16.67	1320.715707
16.68	1324.044532
16.69	1326.705156
16.7	1328.985594
16.71	1329.521038
16.72	1332.59066
16.73	1334.030056
16.74	1333.82466
16.75	1335.215434
16.76	1338.775576
16.77	1338.982459
16.78	1343.306686
16.79	1340.575499
16.8	1342.798334
16.81	1346.574904
16.82	1346.175916
16.83	1349.587127
16.84	1353.22242
16.85	1352.050668
16.86	1355.611783
16.87	1355.490988
16.88	1358.673203
16.89	1357.209364
16.9	1360.761802
16.91	1361.527205
16.92	1361.986555
16.93	1365.496283
16.94	1366.105494
16.95	1366.694365
16.96	1369.116673
16.97	1373.226839
16.98	1374.15975
16.99	1377.299327
17	1376.176262
17.01	1381.332849
17.02	1380.799671
17.03	1379.986677
17.04	1382.386062
17.05	1386.665991
17.06	1388.169283
17.07	1390.351559
17.08	1388.194966
17.09	1391.950139
17.1	1395.521374
17.11	1395.16153
17.12	1397.421442
17.13	1399.890515
17.14	1401.212776
17.15	1402.182747
17.16	1404.281084
17.17	1405.205018
17.18	1405.866036
17.19	1407.006209
17.2	1410.365892
17.21	1413.077818
17.22	1414.559068
17.23	1417.946405
17.24	1415.096147
17.25	1420.373073
17.26	1421.641435
17.27	1424.441085
17.28	1425.371967
17.29	1424.493141
17.3	1429.398526
17.31	1427.502299
17.32	1432.521189
17.33	1430.107871
17.34	1431.898634
17.35	1435.299549
17.36	1438.282478
17.37	1439.304094
17.38	1438.920388
17.39	1444.063808
17.4	1444.208863
17.41	1444.661207
17.42	1447.624646
17.43	1451.774226
17.44	1453.212286
17.45	1452.532839
17.46	1452.976056
17.47	1454.71168
17.48	1458.269125
17.49	1461.610574
17.5	1459.894826
17.51	1460.793092
17.52	1464.285029
17.53	1464.252525
17.54	1467.071663
17.55	1470.579858
17.56	1474.118728
17.57	1471.825836
17.58	1477.477139
17.59	1477.803183
17.6	1477.688646
17.61	1478.437297
17.62	1483.1513
17.63	1486.095122
17.64	1486.794537
17.65	1486.689384
17.66	1490.831777
17.67	1491.812133
17.68	1491.79764
17.69	1495.733978
17.7	1496.993509
17.71	1498.292545
17.72	1498.047625
17.73	1500.160686
17.74	1502.868586
17.75	1503.322119
17.76	1505.465833
17.77	1508.939787
17.78	1511.981146
17.79	1512.571796
17.8	1511.746997
17.81	1516.793749
17.82	1515.058242
17.83	1520.237148
17.84	1518.633192
17.85	1521.924558
17.86	1521.823471
17.87	1527.617529
17.88	1529.006818
17.89	1528.569658
17.9	1531.765643
17.91	1530.798653
17.92	1536.376857
17.93	1535.802981
17.94	1536.010258
17.95	1541.292671
17.96	1539.649911
17.97	1541.63587
17.98	1543.054683
17.99	1547.492479
18	1548.878449
18.01	1551.375973
18.02	1551.377197
18.03	1553.506842
18.04	1556.371314
18.05	1555.235079
18.06	1556.855809
18.07	1562.335772
18.08	1562.944419
18.09	1566.414788
18.1	1564.8782
18.11	1568.725866
18.12	1571.55398
18.13	1572.395872
18.14	1573.542783
18.15	1574.548131
18.16	1578.006955
18.17	1578.582003
18.18	1578.796907
18.19	1583.176981
18.2	1581.795741
18.21	1584.641386
18.22	1584.540269
18.23	1588.562904
18.24	1593.029997
18.25	1590.501549
18.26	1592.697824
18.27	1595.503573
18.28	1599.339248
18.29	1601.667575
18.3	1600.234583
18.31	1601.985601
18.32	1604.420101
18.33	1608.258437
18.34	1608.371041
18.35	1610.099635
18.36	1611.236852
18.37	1614.458729
18.38	1613.414779
18.39	1619.061152
18.4	1619.054567
18.41	1620.239728
18.42	1621.499151
18.43	1625.509134
18.44	1628.641632
18.45	1626.227206
18.46	1631.02487
18.47	1631.277095
18.48	1631.527215
18.49	1637.076723
18.5	1638.264508
18.51	1639.580674
18.52	1638.685125
18.53	1643.15205
18.54	1643.952403
18.55	1648.64323
18.56	1648.391397
18.57	1649.835339
18.58	1652.043712
18.59	1651.117272
18.6	1654.448513
18.61	1655.967633
18.62	1660.69077
18.63	1662.488692
18.64	1660.309805
18.65	1663.807464
18.66	1666.270855
18.67	1670.59286
18.68	1667.985498
18.69	1673.997582
18.7	1672.464544
18.71	1674.842367
18.72	1678.040692
18.73	1677.407019
18.74	1678.976462
18.75	1685.006517
18.76	1686.06283
18.77	1688.157622
18.78	1686.174652
18.79	1690.574458
18.8	1689.711876
18.81	1693.555781
18.82	1697.346655
18.83	1695.932644
18.84	1697.04984
18.85	1702.49784
18.86	1702.025359
18.87	1706.007819
18.88	1704.70222
18.89	1706.878843
18.9	1707.966871
18.91	1714.69198
18.92	1716.085188
18.93	1715.227247
18.94	1718.437394
18.95	1718.899304
18.96	1719.678069
18.97	1724.802882
18.98	1723.429481
18.99	1725.936723
19	1727.839357
19.01	1732.003426
19.02	1730.710692
19.03	1736.872706
19.04	1736.18596
19.05	1737.4625
19.06	1737.997077
19.07	1739.479591
19.08	1743.813404
19.09	1745.419354
19.1	1749.765583
19.11	1747.223408
19.12	1748.959713
19.13	1752.031722
19.14	1755.124881
19.15	1755.080234
19.16	1757.16135
19.17	1758.438935
19.18	1762.919593
19.19	1762.208805
19.2	1765.699937
19.21	1769.102794
19.22	1772.372566
19.23	1771.251179
19.24	1775.961843
19.25	1777.675482
19.26	1776.361425
19.27	1779.93625
19.28	1781.725342
19.29	1785.038147
19.3	1784.802006
19.31	1789.032195
19.32	1787.3905
19.33	1790.746524
19.34	1790.402282
19.35	1795.675535
19.36	1797.857514
19.37	1796.697681
19.38	1801.4104
19.39	1801.131604
19.4	1803.114588
19.41	1807.712818
19.42	1806.313778
19.43	1812.099817
19.44	1813.745808
19.45	1811.823262
19.46	1816.40794
19.47	1816.288307
19.48	1821.669729
19.49	1819.619473
19.5	1822.455643
19.51	1826.516875
19.52	1826.038852
19.53	1828.151402
19.54	1830.598951
19.55	1830.150503
19.56	1835.103346
19.57	1838.190783
19.58	1837.865042
19.59	1839.999025
19.6	1840.416053
19.61	1845.043811
19.62	1848.292854
19.63	1849.534216
19.64	1852.180602
19.65	1851.853076
19.66	1852.665462
19.67	1856.728926
19.68	1859.692676
19.69	1859.483254
19.7	1862.063381
19.71	1863.576429
19.72	1866.324127
19.73	1868.124351
19.74	1867.327101
19.75	1872.17777
19.76	1873.549024
19.77	1875.829356
19.78	1877.006759
19.79	1876.48606
19.8	1882.474943
19.81	1882.535741
19.82	1883.240807
19.83	1884.195466
19.84	1886.513241
19.85	1888.360439
19.86	1893.29695
19.87	1894.5726
19.88	1896.437194
19.89	1896.790296
19.9	1900.528869
19.91	1904.55589
19.92	1903.023215
19.93	1907.788505
19.94	1906.385131
19.95	1909.939614
19.96	1912.527906
19.97	1911.767842
19.98	1917.617754
19.99	1919.358473
20	1917.475093
20.01	1923.416578
20.02	1925.427271
20.03	1926.079504
20.04	1927.510023
20.05	1929.944585
20.06	1929.383781
20.07	1932.607693
20.08	1937.372655
20.09	1935.095536
20.1	1938.144127
20.11	1942.292695
20.12	1942.374958
20.13	1945.708882
20.14	1948.644259
20.15	1950.910938
20.16	1950.221805
20.17	1955.268924
20.18	1955.565087
20.19	1957.231509
20.2	1957.658843
20.21	1959.812493
20.22	1963.294911
20.23	1964.987388
20.24	1964.947851
20.25	1968.519303
20.26	1971.781707
20.27	1971.619779
20.28	1973.442396
20.29	1977.748505
20.3	1980.509863
20.31	1978.889785
20.32	1980.395571
20.33	1982.833528
20.34	1985.666322
20.35	1988.194649
20.36	1992.851439
20.37	1990.468684
20.38	1997.325375
20.39	1996.15259
20.4	2000.14976
20.41	2000.33933
20.42	2004.728228
20.43	2006.031134
20.44	2005.694772
20.45	2010.941878
20.46	2012.1165
20.47	2014.354311
20.48	2014.002476
20.49	2014.711905
20.5	2017.960438
20.51	2018.373153
20.52	2024.80819
20.53	2024.176501
20.54	2025.133404
20.55	2028.393098
20.56	2029.155797
20.57	2030.738948
20.58	2032.453921
20.59	2037.434068
20.6	2037.08068
20.61	2038.611523
20.62	2043.43985
20.63	2044.779924
20.64	2049.154769
20.65	2048.288283
20.66	2048.710776
20.67	2052.104611
20.68	2054.464328
20.69	2058.618067
20.7	2057.280232
20.71	2060.500612
20.72	2061.644506
20.73	2066.902815
20.74	2069.152462
20.75	2071.415093
20.76	2072.509286
20.77	2073.696261
20.78	2074.928902
20.79	2077.949676
20.8	2078.761257
20.81	2081.307144
20.82	2082.758587
20.83	2087.92643
20.84	2090.076422
20.85	2089.058594
20.86	2090.351319
20.87	2094.340041
20.88	2097.899006
20.89	2099.706016
20.9	2097.87871
20.91	2100.596737
20.92	2102.027654
20.93	2106.077131
20.94	2105.843588
20.95	2109.907009
20.96	2112.11231
20.97	2116.75929
20.98	2118.767467
20.99	2117.185814
21	2121.025889
21.01	2124.061434
21.02	2123.34741
21.03	2126.431051
21.04	2128.040265
21.05	2132.565213
21.06	2134.843283
21.07	2135.632402
21.08	2138.956165
21.09	2137.994022
21.1	2141.256708
21.11	2141.139219
21.12	2147.028565
21.13	2148.651559
21.14	2151.133574
21.15	2151.382828
21.16	2154.809948
21.17	2154.645399
21.18	2156.534225
21.19	2158.519327
21.2	2160.044843
21.21	2163.597085
21.22	2168.029446
21.23	2167.585382
21.24	2172.002995
21.25	2173.934309
21.26	2174.712797
21.27	2176.791843
21.28	2177.798897
21.29	2182.495486
21.3	2181.841383
21.31	2184.246838
21.32	2187.450819
21.33	2190.395901
21.34	2190.535822
21.35	2191.536051
21.36	2197.660239
21.37	2198.701534
21.38	2199.609914
21.39	2200.793002
21.4	2203.827935
21.41	2203.808314
21.42	2209.15893
21.43	2209.08286
21.44	2211.894541
21.45	2214.797144
21.46	2215.670672
21.47	2216.340084
21.48	2221.492935
21.49	2221.216451
21.5	2226.858831
21.51	2225.594265
21.52	2231.042442
21.53	2231.362658
21.54	2234.691924
21.55	2235.93192
21.56	2235.784399
21.57	2238.140417
21.58	2239.897416
21.59	2245.253078
21.6	2247.411981
21.61	2248.261021
21.62	2249.53959
21.63	2250.016324
21.64	2255.933215
21.65	2254.765373
21.66	2258.405515
21.67	2261.441488
21.68	2260.63669
21.69	2263.897956
21.7	2265.376906
21.71	2268.467364
21.72	2271.734208
21.73	2275.813125
21.74	2274.331285
21.75	2275.96527
21.76	2280.410707
21.77	2280.991863
21.78	2285.579185
21.79	2287.110758
21.8	2285.931915
21.81	2292.449036
21.82	2292.55628
21.83	2293.108548
21.84	2297.896037
21.85	2299.702234
21.86	2303.020066
21.87	2305.542992
21.88	2303.841249
21.89	2306.918116
21.9	2307.568542
21.91	2311.703529
21.92	2312.027997
21.93	2317.562679
21.94	2316.062401
21.95	2319.123251
21.96	2322.37075
21.97	2323.078184
21.98	2325.893406
21.99	2329.129658
22	2331.920294
22.01	2334.836426
22.02	2334.090589
22.03	2339.59845
22.04	2337.519605
22.05	2339.878583
22.06	2342.294561
22.07	2347.591373
22.08	2349.742054
22.09	2352.093353
22.1	2354.01053
22.11	2352.789025
22.12	2358.441042
22.13	2357.608576
22.14	2363.033722
22.15	2363.721593
22.16	2364.299607
22.17	2370.423407
22.18	2370.651145
22.19	2374.932791
22.2	2372.446598
22.21	2378.480108
22.22	2380.415243
22.23	2382.316379
22.24	2382.741423
22.25	2386.74848
22.26	2385.667023
22.27	2390.627622
22.28	2390.404497
22.29	2393.410696
22.3	2396.053076
22.31	2397.294562
22.32	2398.569347
22.33	2405.185026
22.34	2404.935169
22.35	2408.002125
22.36	2410.840561
22.37	2412.231673
22.38	2414.091856
22.39	2416.623846
22.4	2418.609912
22.41	2418.975288
22.42	2424.815848
22.43	2426.399647
22.44	2428.468742
22.45	2430.338112
22.46	2429.666156
22.47	2435.406226
22.48	2436.735493
22.49	2439.403935
22.5	2438.122322
22.51	2440.423969
22.52	2446.896796
22.53	2446.870737
22.54	2448.536903
22.55	2450.314064
22.56	2451.902368
22.57	2457.302701
22.58	2459.700441
22.59	2458.880639
22.6	2464.527867
22.61	2464.050334
22.62	2464.901327
22.63	2466.862522
22.64	2469.043995
22.65	2471.460382
22.66	2474.651214
22.67	2478.224407
22.68	2482.115427
22.69	2483.072376
22.7	2484.689204
22.71	2487.459481
22.72	2491.749177
22.73	2489.511837
22.74	2492.43992
22.75	2497.529095
22.76	2499.325106
22.77	2498.204855
22.78	2503.980229
22.79	2503.833976
22.8	2507.158448
22.81	2507.882188
22.82	2513.212671
22.83	2516.33178
22.84	2517.708942
22.85	2518.758158
22.86	2522.563481
22.87	2523.92839
22.88	2525.89271
22.89	2525.658909
22.9	2529.036353
22.91	2532.019113
22.92	2534.925649
22.93	2537.661916
22.94	2537.479583
22.95	2543.287247
22.96	2545.468228
22.97	2547.249456
22.98	2549.486203
22.99	2550.688862
23	2553.001567
23.01	2552.272018
23.02	2557.210947
23.03	2557.116948
23.04	2563.219543
23.05	2564.923764
23.06	2563.190592
23.07	2569.148132
23.08	2567.716092
23.09	2574.260361
23.1	2574.198301
23.11	2574.606265
23.12	2578.018813
23.13	2582.108435
23.14	2581.998926
23.15	2585.808175
23.16	2589.801915
23.17	2592.251045
23.18	2592.641911
23.19	2597.031677
23.2	2595.990795
23.21	2597.943539
23.22	2600.078938
23.23	2604.856226
23.24	2605.887747
23.25	2609.577363
23.26	2608.808329
23.27	2613.787954
23.28	2617.233126
23.29	2617.629725
23.3	2621.922601
23.31	2621.802737
23.32	2622.747427
23.33	2626.935247
23.34	2627.293471
23.35	2631.279507
23.36	2636.134624
23.37	2635.758986
23.38	2636.344694
23.39	2641.743376
23.4	2643.139292
23.41	2646.878228
23.42	2647.056327
23.43	2651.489272
23.44	2652.822786
23.45	2655.41611
23.46	2658.719612
23.47	2659.65228
23.48	2663.344949
23.49	2664.183006
23.5	2666.469195
23.51	2670.662097
23.52	2668.710537
23.53	2671.34648
23.54	2674.203598
23.55	2679.873583
23.56	2679.943563
23.57	2682.424919
23.58	2682.435899
23.59	2688.966427
23.6	2688.969844
23.61	2690.366715
23.62	2693.867882
23.63	2696.919558
23.64	2698.515436
23.65	2701.681562
23.66	2701.655133
23.67	2705.389586
23.68	2707.292407
23.69	2712.373427
23.7	2712.947983
23.71	2712.943599
23.72	2717.593488
23.73	2718.724773
23.74	2723.479958
23.75	2725.3524
23.76	2728.21251
23.77	2728.070029
23.78	2730.191096
23.79	2735.818998
23.8	2735.596225
23.81	2737.447708
23.82	2739.289736
23.83	2743.745014
23.84	2746.871733
23.85	2747.019631
23.86	2752.244505
23.87	2753.172588
23.88	2753.779164
23.89	2754.703283
23.9	2760.665026
23.91	2763.973803
23.92	2764.243405
23.93	2768.702591
23.94	2769.444172
23.95	2771.561279
23.96	2773.702189
23.97	2774.057767
23.98	2777.811091
23.99	2781.2672
24	2780.905103
24.01	2784.793392
24.02	2789.143991
24.03	2790.914695
24.04	2794.004286
24.05	2792.301934
24.06	2795.635728
24.07	2799.423042
24.08	2801.8821
24.09	2805.728853
24.1	2808.345935
24.11	2806.833341
24.12	2812.373987
24.13	2815.538209
24.14	2817.841801
24.15	2818.530086
24.16	2822.667804
24.17	2822.116944
24.18	2826.786167
24.19	2829.946177
24.2	2828.979342
24.21	2831.264247
24.22	2835.439196
24.23	2837.503955
24.24	2839.828905
24.25	2841.499831
24.26	2845.062817
24.27	2845.20511
24.28	2848.937632
24.29	2851.681683
24.3	2851.673025
24.31	2855.398617
24.32	2859.820274
24.33	2863.393093
24.34	2863.387332
24.35	2867.31468
24.36	2868.832347
24.37	2868.940238
24.38	2874.500505
24.39	2875.065108
24.4	2880.320439
24.41	2878.189745
24.42	2884.678492
24.43	2886.875119
24.44	2889.36341
24.45	2888.974384
24.46	2894.378591
24.47	2895.049848
24.48	2899.135198
24.49	2899.012721
24.5	2903.208203
24.51	2904.661245
24.52	2908.137109
24.53	2907.046801
24.54	2909.476558
24.55	2913.12689
24.56	2916.435968
24.57	2916.664794
24.58	2919.409389
24.59	2925.914193
24.6	2926.846547
24.61	2928.901998
24.62	2929.353544
24.63	2933.822955
24.64	2933.773739
24.65	2937.152349
24.66	2939.629632
24.67	2941.177911
24.68	2943.929168
24.69	2947.461646
24.7	2949.666844
24.71	2951.863011
24.72	2952.813623
24.73	2959.165142
24.74	2960.594791
24.75	2962.202138
24.76	2965.736095
24.77	2969.403022
24.78	2968.63781
24.79	2971.772036
24.8	2974.939797
24.81	2979.112161
24.82	2978.382687
24.83	2983.50832
24.84	2986.628511
24.85	2986.157548
24.86	2987.939213
24.87	2991.224638
24.88	2993.199259
24.89	2997.621865
24.9	2997.331635
24.91	2999.863681
24.92	3005.791904
24.93	3008.674964
24.94	3010.760505
24.95	3011.926024
24.96	3014.137339
24.97	3016.380044
24.98	3016.363283
24.99	3019.922765
25	3021.668256
25.01	3027.668626
25.02	3027.266167
25.03	3032.427874
25.04	3034.307753
25.05	3035.360224
25.06	3040.471238
25.07	3042.511862
25.08	3043.425834
25.09	3044.678472
25.1	3048.379138
25.11	3049.973459
25.12	3051.25399
25.13	3053.305843
25.14	3056.016128
25.15	3062.143522
25.16	3060.688339
25.17	3064.140518
25.18	3066.313662
25.19	3069.195369
25.2	3072.257747
25.21	3077.873302
25.22	3077.518569
25.23	3080.790612
25.24	3080.65659
25.25	3086.636484
25.26	3086.376906
25.27	3091.257136
25.28	3093.100603
25.29	3096.802014
25.3	3097.578146
25.31	3101.622948
25.32	3100.967471
25.33	3106.007776
25.34	3106.847859
25.35	3112.507303
25.36	3113.834191
25.37	3114.924103
25.38	3116.927022
25.39	3119.053984
25.4	3121.386191
25.41	3125.390104
25.42	3128.578753
25.43	3128.149053
25.44	3131.575452
25.45	3136.910374
25.46	3140.258043
25.47	3138.525263
25.48	3143.707359
25.49	3144.752499
25.5	3146.428712
25.51	3150.987331
25.52	3152.025172
25.53	3156.244288
25.54	3155.566035
25.55	3162.467283
25.56	3164.141118
25.57	3164.723621
25.58	3169.953271
25.59	3169.854623
25.6	3170.770476
25.61	3174.3344
25.62	3180.327133
25.63	3180.146794
25.64	3181.28686
25.65	3186.013707
25.66	3185.9878
25.67	3189.368539
25.68	3190.776006
25.69	3193.244018
25.7	3199.366395
25.71	3201.129773
25.72	3203.421409
25.73	3205.252415
25.74	3206.552405
25.75	3210.779905
25.76	3214.623393
25.77	3217.550403
25.78	3218.365558
25.79	3218.601223
25.8	3222.215254
25.81	3228.23597
25.82	3227.515653
25.83	3232.161908
25.84	3233.300262
25.85	3235.149282
25.86	3237.65207
25.87	3243.507252
25.88	3242.916017
25.89	3244.409582
25.9	3246.991945
25.91	3250.634377
25.92	3253.851665
25.93	3256.800193
25.94	3258.892721
25.95	3263.685712
25.96	3266.586784
25.97	3265.71191
25.98	3270.624889
25.99	3270.495348
26	3274.530976
26.01	3276.984618
26.02	3279.815539
26.03	3280.452812
26.04	3286.74042
26.05	3286.070881
26.06	3292.06239
26.07	3290.821885
26.08	3292.553594
26.09	3295.866714
26.1	3297.81879
26.11	3301.117125
26.12	3304.387004
26.13	3307.965626
26.14	3308.733328
26.15	3315.264869
26.16	3315.658411
26.17	3319.480086
26.18	3318.729361
26.19	3321.098822
26.2	3323.987129
26.21	3330.911322
26.22	3332.337601
26.23	3331.146042
26.24	3338.092918
26.25	3339.614864
26.26	3342.936842
26.27	3343.779774
26.28	3348.352627
26.29	3348.320906
26.3	3351.98859
26.31	3355.181484
26.32	3358.273199
26.33	3359.48318
26.34	3363.743581
26.35	3366.167361
26.36	3369.166253
26.37	3368.283561
26.38	3370.295465
26.39	3375.215897
26.4	3378.618182
26.41	3377.791607
26.42	3382.588627
26.43	3384.141941
26.44	3389.816072
26.45	3389.647267
26.46	3391.010552
26.47	3393.562544
26.48	3396.750366
26.49	3403.274122
26.5	3403.64789
26.51	3407.920302
26.52	3408.647451
26.53	3412.860369
26.54	3412.630906
26.55	3414.895436
26.56	3418.652388
26.57	3422.53777
26.58	3425.767938
26.59	3424.896885
26.6	3431.955696
26.61	3433.531366
26.62	3437.365811
26.63	3437.733781
26.64	3438.223458
26.65	3442.354983
26.66	3443.104605
26.67	3447.339959
26.68	3451.573563
26.69	3455.652492
26.7	3454.335859
26.71	3457.803539
26.72	3458.898586
26.73	3465.523566
26.74	3465.619844
26.75	3469.275848
26.76	3471.67656
26.77	3475.830203
26.78	3476.83661
26.79	3480.359877
26.8	3483.942514
26.81	3484.625172
26.82	3488.860954
26.83	3490.539318
26.84	3493.581713
26.85	3495.078166
26.86	3500.550909
26.87	3500.659106
26.88	3502.133295
26.89	3504.216195
26.9	3509.707661
26.91	3511.039314
26.92	3511.578161
26.93	3517.078988
26.94	3517.555259
26.95	3522.819353
26.96	3522.984493
26.97	3528.487203
26.98	3530.411555
26.99	3530.21417
27	3534.670002
27.01	3539.407235
27.02	3540.100302
27.03	3543.008596
27.04	3545.196788
27.05	3550.705471
27.06	3552.326499
27.07	3554.431904
27.08	3558.412084
27.09	3560.474097
27.1	3561.915303
27.11	3564.002308
27.12	3569.120164
27.13	3571.2178
27.14	3571.662363
27.15	3576.114728
27.16	3578.342552
27.17	3582.504737
27.18	3584.602247
27.19	3584.973588
27.2	3588.429012
27.21	3590.133525
27.22	3596.507862
27.23	3594.734254
27.24	3598.850907
27.25	3603.08593
27.26	3603.414312
27.27	3608.234521
27.28	3607.794194
27.29	3614.871864
27.3	3617.029706
27.31	3620.187686
27.32	3618.480594
27.33	3625.536932
27.34	3628.074553
27.35	3628.309047
27.36	3631.508383
27.37	3635.433639
27.38	3635.255596
27.39	3639.276316
27.4	3643.609255
27.41	3644.961786
27.42	3648.652037
27.43	3650.629653
27.44	3651.314845
27.45	3657.859395
27.46	3660.86705
27.47	3659.235846
27.48	3661.641182
27.49	3667.611051
27.5	3671.853725
27.51	3673.933696
27.52	3673.611776
27.53	3676.753028
27.54	3680.435488
27.55	3682.807453
27.56	3686.308929
27.57	3689.317828
27.58	3689.685899
27.59	3693.946822
27.6	3698.889452
27.61	3701.007898
27.62	3700.6332
27.63	3702.793577
27.64	3708.328307
27.65	3711.311472
27.66	3713.692681
27.67	3717.903476
27.68	3715.92885
27.69	3720.534358
27.7	3726.030264
27.71	3728.154396
27.72	3730.781851
27.73	3733.630102
27.74	3732.607418
27.75	3739.203886
27.76	3738.692505
27.77	3741.079101
27.78	3744.558779
27.79	3747.407632
27.8	3753.060352
27.81	3754.432034
27.82	3758.632471
27.83	3760.112981
27.84	3761.111775
27.85	3764.509025
27.86	3768.006041
27.87	3772.325984
27.88	3771.268273
27.89	3777.236035
27.9	3776.297392
27.91	3780.540236
27.92	3785.29232
27.93	3788.652285
27.94	3792.044047
27.95	3791.132147
27.96	3796.273132
27.97	3796.378295
27.98	3800.838265
27.99	3801.412148
28	3808.57047
28.01	3810.384547
28.02	3811.582695
28.03	3814.779296
28.04	3819.44512
28.05	3821.173882
28.06	3821.757364
28.07	3823.465138
28.08	3826.681627
28.09	3830.994823
28.1	3831.364736
28.11	3837.727886
28.12	3836.862794
28.13	3842.816231
28.14	3843.475044
28.15	3849.97992
28.16	3852.251178
28.17	3853.71149
28.18	3853.804231
28.19	3860.113742
28.2	3863.696438
28.21	3862.107508
28.22	3865.117094
28.23	3870.795595
28.24	3870.884184
28.25	3877.673038
28.26	3878.968719
28.27	3880.586406
28.28	3884.710596
28.29	3888.74127
28.3	3887.926334
28.31	3889.822807
28.32	3892.541693
28.33	3897.134611
28.34	3900.650345
28.35	3902.162289
28.36	3907.886298
28.37	3908.364371
28.38	3913.271815
28.39	3916.828028
28.4	3915.291729
28.41	3922.13799
28.42	3924.54783
28.43	3923.568963
28.44	3925.946306
28.45	3930.123177
28.46	3933.381303
28.47	3936.747776
28.48	3940.786085
28.49	3942.788571
28.5	3945.964136
28.51	3947.339916
28.52	3952.06793
28.53	3952.002957
28.54	3958.488026
28.55	3957.925808
28.56	3963.6937
28.57	3965.494325
28.58	3967.180139
28.59	3970.10819
28.6	3975.754621
28.61	3975.19039
28.62	3976.547614
28.63	3981.143846
28.64	3986.031537
28.65	3987.211465
28.66	3990.801778
28.67	3990.707245
28.68	3997.078807
28.69	3997.598588
28.7	4000.463963
28.71	4005.070134
28.72	4007.613482
28.73	4008.274812
28.74	4014.884555
28.75	4016.172492
28.76	4017.31244
28.77	4023.145808
28.78	4022.284003
28.79	4027.179387
28.8	4029.657212
28.81	4033.371168
28.82	4037.430945
28.83	4039.944501
28.84	4040.288176
28.85	4042.902823
28.86	4044.554196
28.87	4048.752207
28.88	4052.119003
28.89	4057.420952
28.9	4059.919167
28.91	4063.653581
28.92	4066.119843
28.93	4066.218718
28.94	4071.130258
28.95	4074.658916
28.96	4074.457996
28.97	4079.811479
28.98	4081.135018
28.99	4081.986437
29	4086.589055
29.01	4090.100994
29.02	4092.970525
29.03	4097.861692
29.04	4096.714625
29.05	4099.60534
29.06	4102.348456
29.07	4105.955169
29.08	4108.906932
29.09	4114.364595
29.1	4114.346135
29.11	4120.574092
29.12	4123.688651
29.13	4123.734407
29.14	4124.866166
29.15	4131.252748
29.16	4132.208945
29.17	4133.395684
29.18	4138.697223
29.19	4141.474759
29.2	4142.778259
29.21	4144.92098
29.22	4148.856497
29.23	4154.994861
29.24	4157.491481
29.25	4158.750408
29.26	4162.832061
29.27	4166.921287
29.28	4167.912444
29.29	4170.103406
29.3	4171.8761
29.31	4174.037169
29.32	4177.913849
29.33	4179.828048
29.34	4184.511023
29.35	4188.551391
29.36	4192.597476
29.37	4195.500957
29.38	4196.208212
29.39	4198.017262
29.4	4200.989368
29.41	4206.034805
29.42	4205.617491
29.43	4209.206057
29.44	4213.822703
29.45	4216.517715
29.46	4219.751814
29.47	4220.234159
29.48	4222.897592
29.49	4228.613688
29.5	4232.074228
29.51	4234.088845
29.52	4239.05683
29.53	4242.148229
29.54	4244.65532
29.55	4245.741851
29.56	4248.419496
29.57	4250.038325
29.58	4253.558185
29.59	4258.014205
29.6	4258.808241
29.61	4263.572371
29.62	4265.784957
29.63	4270.007199
29.64	4272.931971
29.65	4272.62598
29.66	4277.509555
29.67	4279.888724
29.68	4283.423183
29.69	4288.78828
29.7	4290.619306
29.71	4290.215516
29.72	4295.353625
29.73	4297.101667
29.74	4300.717681
29.75	4306.06023
29.76	4307.827038
29.77	4307.915082
29.78	4310.604449
29.79	4317.497457
29.8	4318.676134
29.81	4323.928557
29.82	4322.663192
29.83	4327.989958
29.84	4329.294179
29.85	4332.90596
29.86	4338.643801
29.87	4340.467465
29.88	4343.816839
29.89	4344.866997
29.9	4348.192025
29.91	4352.728093
29.92	4355.822372
29.93	4358.659084
29.94	4361.908956
29.95	4360.846793
29.96	4366.599544
29.97	4369.859367
29.98	4373.788199
29.99	4376.220362
30	4377.250087
30.01	4379.047838
30.02	4384.075359
30.03	4386.510249
30.04	4389.858649
30.05	4391.38361
30.06	4397.285732
30.07	4398.948624
30.08	4402.050288
30.09	4402.644137
30.1	4406.201217
30.11	4412.481358
30.12	4413.508293
30.13	4418.596808
30.14	4418.340834
30.15	4419.826353
30.16	4423.479177
30.17	4427.725099
30.18	4430.159592
30.19	4433.154207
30.2	4434.961494
30.21	4442.393897
30.22	4443.083694
30.23	4444.482327
30.24	4447.643239
30.25	4452.803411
30.26	4455.677196
30.27	4460.425402
30.28	4461.522394
30.29	4463.428051
30.3	4468.985226
30.31	4472.128144
30.32	4473.635962
30.33	4476.94873
30.34	4480.275171
30.35	4480.666357
30.36	4484.922883
30.37	4489.093324
30.38	4492.530104
30.39	4491.495511
30.4	4498.343531
30.41	4497.469768
30.42	4502.979831
30.43	4504.915071
30.44	4507.781054
30.45	4512.228134
30.46	4513.540459
30.47	4519.420256
30.48	4522.673335
30.49	4526.165995
30.5	4527.973278
30.51	4530.925607
30.52	4532.467673
30.53	4537.566589
30.54	4536.437805
30.55	4542.045948
30.56	4546.66732
30.57	4548.430289
30.58	4551.602101
30.59	4553.210708
30.6	4555.693183
30.61	4561.817438
30.62	4561.627234
30.63	4567.03097
30.64	4568.86643
30.65	4570.736909
30.66	4576.799289
30.67	4577.021554
30.68	4581.403233
30.69	4584.916409
30.7	4584.930796
30.71	4592.408449
30.72	4591.601488
30.73	4595.608646
30.74	4598.209216
30.75	4603.224751
30.76	4602.980329
30.77	4606.306248
30.78	4609.449192
30.79	4616.415322
30.8	4615.455246
30.81	4618.1888
30.82	4624.157103
30.83	4627.424137
30.84	4627.429285
30.85	4631.158717
30.86	4636.95257
30.87	4638.131358
30.88	4640.725457
30.89	4646.142587
30.9	4648.823268
30.91	4649.963127
30.92	4652.898926
30.93	4658.131229
30.94	4658.592314
30.95	4663.254905
30.96	4667.253646
30.97	4671.287561
30.98	4669.931105
30.99	4674.844899
31	4677.553905
31.01	4683.033805
31.02	4682.730616
31.03	4685.893082
31.04	4692.732321
31.05	4694.6891
31.06	4696.174698
31.07	4701.381397
31.08	4701.66687
31.09	4705.446063
31.1	4710.636498
31.11	4709.723249
31.12	4714.142268
31.13	4720.355652
31.14	4723.390419
31.15	4722.464346
31.16	4725.505455
31.17	4728.672409
31.18	4736.062672
31.19	4736.796819
31.2	4741.972936
31.21	4742.249659
31.22	4743.63101
31.23	4750.789277
31.24	4753.905187
31.25	4756.030321
31.26	4758.777737
31.27	4762.763737
31.28	4765.928455
31.29	4769.986518
31.3	4770.081425
31.31	4771.934318
31.32	4774.928895
31.33	4782.361845
31.34	4781.03318
31.35	4786.653883
31.36	4790.876709
31.37	4790.110617
31.38	4793.928369
31.39	4799.019085
31.4	4802.525475
31.41	4805.848542
31.42	4807.207536
31.43	4812.841331
31.44	4812.244753
31.45	4818.306323
31.46	4820.468835
31.47	4822.624531
31.48	4825.270334
31.49	4831.413679
31.5	4833.723786
31.51	4834.515854
31.52	4838.622463
31.53	4839.658558
31.54	4843.599048
31.55	4848.457428
31.56	4849.008084
31.57	4856.294488
31.58	4857.699621
31.59	4863.105766
31.6	4863.783625
31.61	4864.655807
31.62	4871.359588
31.63	4871.930016
31.64	4874.922899
31.65	4877.415225
31.66	4882.13865
31.67	4884.98811
31.68	4889.02298
31.69	4890.048347
31.7	4893.592294
31.71	4900.197987
31.72	4902.621005
31.73	4904.110249
31.74	4908.915898
31.75	4912.467196
31.76	4913.182414
31.77	4915.350963
31.78	4920.644791
31.79	4924.787603
31.8	4925.99224
31.81	4929.527975
31.82	4933.743745
31.83	4933.976011
31.84	4938.897127
31.85	4940.695015
31.86	4943.660419
31.87	4947.963895
31.88	4950.991806
31.89	4955.858147
31.9	4958.169149
31.91	4963.095291
31.92	4963.099812
31.93	4968.1455
31.94	4970.278045
31.95	4974.432205
31.96	4975.500915
31.97	4980.105857
31.98	4983.43223
31.99	4988.41533
32	4991.099865
32.01	4992.171289
32.02	4996.96166
32.03	4999.024436
32.04	5000.514355
32.05	5005.631302
32.06	5006.369065
32.07	5011.999727
32.08	5012.291883
32.09	5018.886067
32.1	5020.098613
32.11	5025.456033
32.12	5029.485949
32.13	5031.729276
32.14	5033.48482
32.15	5037.621299
32.16	5041.172581
32.17	5042.368815
32.18	5048.283177
32.19	5047.123849
32.2	5053.541573
32.21	5054.040496
32.22	5059.178868
32.23	5062.841142
32.24	5063.105528
32.25	5066.829545
32.26	5071.891105
32.27	5075.892368
32.28	5080.533252
32.29	5079.0816
32.3	5086.829797
32.31	5089.010431
32.32	5091.36076
32.33	5094.618245
32.34	5095.724133
32.35	5099.939036
32.36	5101.770371
32.37	5105.607599
32.38	5108.63101
32.39	5112.738696
32.4	5116.510759
32.41	5121.629333
32.42	5121.943659
32.43	5125.599833
32.44	5130.259473
32.45	5134.16882
32.46	5134.128213
32.47	5140.569565
32.48	5141.84054
32.49	5143.174224
32.5	5150.770081
32.51	5150.158339
32.52	5153.963924
32.53	5159.271377
32.54	5158.938735
32.55	5165.398893
32.56	5169.474723
32.57	5169.392199
32.58	5171.840305
32.59	5175.810641
32.6	5180.629931
32.61	5184.870714
32.62	5187.411682
32.63	5189.466759
32.64	5191.769684
32.65	5197.576184
32.66	5201.795164
32.67	5201.896962
32.68	5207.041852
32.69	5209.863383
32.7	5210.702652
32.71	5216.451377
32.72	5219.592591
32.73	5224.580721
32.74	5223.87296
32.75	5228.630774
32.76	5232.333945
32.77	5236.367833
32.78	5239.235257
32.79	5242.810878
32.8	5246.768547
32.81	5248.418357
32.82	5249.864615
32.83	5256.877919
32.84	5260.392022
32.85	5261.406731
32.86	5265.499188
32.87	5269.678428
32.88	5269.855752
32.89	5275.576283
32.9	5279.90844
32.91	5281.7805
32.92	5285.507089
32.93	5288.33263
32.94	5292.631406
32.95	5292.556352
32.96	5296.634776
32.97	5299.940224
32.98	5301.966425
32.99	5304.920999
33	5311.806112
33.01	5314.406629
33.02	5314.61313
33.03	5319.818306
33.04	5325.626714
33.05	5324.893704
33.06	5330.081349
33.07	5332.461398
33.08	5334.873148
33.09	5339.006437
33.1	5345.085705
33.11	5347.540065
33.12	5350.029455
33.13	5351.134984
33.14	5355.255635
33.15	5359.327764
33.16	5362.861052
33.17	5365.307719
33.18	5370.563381
33.19	5372.364084
33.2	5374.419669
33.21	5377.366266
33.22	5382.038173
33.23	5387.656456
33.24	5388.384658
33.25	5390.274206
33.26	5394.155934
33.27	5400.820949
33.28	5403.027424
33.29	5404.665655
33.3	5406.558768
33.31	5410.778754
33.32	5414.202795
33.33	5416.307244
33.34	5419.976091
33.35	5424.858089
33.36	5429.140154
33.37	5431.17996
33.38	5436.867006
33.39	5435.914015
33.4	5443.100735
33.41	5442.983161
33.42	5446.79361
33.43	5452.484936
33.44	5452.214875
33.45	5455.59474
33.46	5460.112896
33.47	5463.098374
33.48	5465.331444
33.49	5472.458622
33.5	5472.349396
33.51	5479.177315
33.52	5481.809945
33.53	5483.657695
33.54	5488.071112
33.55	5491.971869
33.56	5495.178239
33.57	5495.849035
33.58	5498.742212
33.59	5505.594137
33.6	5507.555735
33.61	5508.896023
33.62	5512.810153
33.63	5519.022573
33.64	5518.903899
33.65	5522.464732
33.66	5527.681136
33.67	5532.051178
33.68	5534.471646
33.69	5535.551732
33.7	5539.508428
33.71	5542.73239
33.72	5549.23286
33.73	5548.106077
33.74	5553.296672
33.75	5555.344965
33.76	5558.297016
33.77	5562.661717
33.78	5565.858602
33.79	5569.421249
33.8	5576.325481
33.81	5576.799012
33.82	5581.162738
33.83	5583.372426
33.84	5585.177834
33.85	5591.043218
33.86	5594.677286
33.87	5599.612475
33.88	5602.048365
33.89	5605.102131
33.9	5609.388192
33.91	5611.096885
33.92	5613.642416
33.93	5617.689971
33.94	5619.293003
33.95	5625.435504
33.96	5626.812078
33.97	5631.061944
33.98	5632.248978
33.99	5637.423688
34	5639.170251
34.01	5646.220563
34.02	5647.668584
34.03	5652.520889
34.04	5656.560465
34.05	5657.987766
34.06	5662.558674
34.07	5666.378985
34.08	5667.35218
34.09	5669.16826
34.1	5673.763286
34.11	5679.097651
34.12	5680.899859
34.13	5686.104834
34.14	5685.559503
34.15	5689.032441
34.16	5695.158504
34.17	5697.476543
34.18	5703.177089
34.19	5704.86673
34.2	5710.63623
34.21	5711.144184
34.22	5715.237265
34.23	5719.433958
34.24	5722.223094
34.25	5725.218863
34.26	5730.764377
34.27	5732.654154
34.28	5733.886471
34.29	5740.326555
34.3	5741.406148
34.31	5746.890322
34.32	5747.382122
34.33	5749.944674
34.34	5754.909657
34.35	5761.354363
34.36	5761.058691
34.37	5764.198081
34.38	5770.080966
34.39	5770.18509
34.4	5777.293897
34.41	5777.82913
34.42	5784.080905
34.43	5787.171117
34.44	5788.292131
34.45	5793.442219
34.46	5795.237758
34.47	5799.618549
34.48	5803.840334
34.49	5807.14829
34.5	5809.084403
34.51	5814.051755
34.52	5816.872709
34.53	5820.537364
34.54	5823.764587
34.55	5827.640164
34.56	5828.293498
34.57	5832.934041
34.58	5838.958889
34.59	5840.220742
34.6	5843.203026
34.61	5847.465567
34.62	5850.614811
34.63	5853.742998
34.64	5856.651161
34.65	5859.941374
34.66	5862.652428
34.67	5866.627766
34.68	5869.204542
34.69	5872.742331
34.7	5880.03078
34.71	5883.666448
34.72	5885.051951
34.73	5887.29713
34.74	5890.000097
34.75	5895.21801
34.76	5900.17024
34.77	5900.015589
34.78	5906.068615
34.79	5906.906856
34.8	5911.135442
34.81	5913.742849
34.82	5919.289945
34.83	5920.879044
34.84	5927.539773
34.85	5930.456848
34.86	5934.899082
34.87	5935.934715
34.88	5942.388002
34.89	5942.330226
34.9	5945.494514
34.91	5950.075428
34.92	5953.884666
34.93	5957.576241
34.94	5963.204251
34.95	5966.717181
34.96	5967.701315
34.97	5971.355868
34.98	5976.471648
34.99	5976.674913
35	5980.49967
35.01	5985.631558
35.02	5988.486572
35.03	5993.732025
35.04	5993.317128
35.05	5998.425971
35.06	6000.495976
35.07	6008.174806
35.08	6010.710615
35.09	6012.989135
35.1	6017.580867
35.11	6019.603478
35.12	6020.809073
35.13	6027.079388
35.14	6029.735891
35.15	6031.664259
35.16	6037.405078
35.17	6039.908574
35.18	6043.071036
35.19	6046.977029
35.2	6051.372627
35.21	6055.780156
35.22	6058.68434
35.23	6063.033324
35.24	6064.602751
35.25	6067.86785
35.26	6072.121915
35.27	6077.323309
35.28	6076.665674
35.29	6081.661238
35.3	6085.384122
35.31	6088.671736
35.32	6092.426419
35.33	6096.907292
35.34	6101.210028
35.35	6102.793919
35.36	6106.883238
35.37	6108.019945
35.38	6114.24501
35.39	6115.937202
35.4	6119.839698
35.41	6126.800111
35.42	6129.967191
35.43	6130.158071
35.44	6133.062764
35.45	6136.563525
35.46	6139.993031
35.47	6143.272892
35.48	6149.94172
35.49	6154.148882
35.5	6156.169519
35.51	6158.998007
35.52	6164.361234
35.53	6167.279564
35.54	6168.455789
35.55	6172.723162
35.56	6178.58095
35.57	6182.468869
35.58	6184.813235
35.59	6189.901605
35.6	6190.817637
35.61	6195.272363
35.62	6199.585747
35.63	6201.979502
35.64	6202.839861
35.65	6206.366536
35.66	6214.490435
35.67	6217.1511
35.68	6219.754163
35.69	6221.51712
35.7	6223.741195
35.71	6227.755749
35.72	6231.318892
35.73	6237.342269
35.74	6238.718312
35.75	6244.076627
35.76	6247.764858
35.77	6249.595875
35.78	6253.231677
35.79	6256.317869
35.8	6260.09512
35.81	6265.144003
35.82	6268.420028
35.83	6269.728794
35.84	6276.389875
35.85	6277.495302
35.86	6280.568491
35.87	6283.856397
35.88	6287.436238
35.89	6292.272471
35.9	6298.064143
35.91	6301.868678
35.92	6301.645992
35.93	6307.431293
35.94	6312.585897
35.95	6313.906557
35.96	6319.631131
35.97	6321.422368
35.98	6327.250442
35.99	6330.443888
36	6333.127753
36.01	6336.658323
36.02	6339.534623
36.03	6342.656605
36.04	6346.729424
36.05	6352.705773
36.06	6351.701567
36.07	6355.564702
36.08	6362.290054
36.09	6366.147792
36.1	6366.640799
36.11	6374.108524
36.12	6376.371594
36.13	6376.338679
36.14	6380.100522
36.15	6387.906683
36.16	6391.981606
36.17	6392.041185
36.18	6397.652659
36.19	6399.51906
36.2	6403.912192
36.21	6408.419324
36.22	6410.199271
36.23	6414.224888
36.24	6419.028159
36.25	6422.126329
36.26	6423.385124
36.27	6430.327121
36.28	6432.222408
36.29	6434.474503
36.3	6440.015466
36.31	6445.419016
36.32	6449.118559
36.33	6449.384492
36.34	6452.678447
36.35	6457.855708
36.36	6460.19247
36.37	6466.410934
36.38	6469.639981
36.39	6474.411603
36.4	6475.908668
36.41	6481.664574
36.42	6482.456041
36.43	6484.183131
36.44	6488.272588
36.45	6493.189733
36.46	6495.355831
36.47	6500.601326
36.48	6504.093983
36.49	6506.971847
36.5	6510.669057
36.51	6514.308663
36.52	6517.472182
36.53	6521.257864
36.54	6526.236094
36.55	6529.17926
36.56	6534.926804
36.57	6539.329826
36.58	6539.668765
36.59	6543.032904
36.6	6548.378968
36.61	6549.381154
36.62	6556.040414
36.63	6556.384936
36.64	6562.728143
36.65	6566.983834
36.66	6571.499517
36.67	6571.650692
36.68	6577.452532
36.69	6578.104944
36.7	6586.477459
36.71	6585.385564
36.72	6591.760436
36.73	6593.880807
36.74	6596.083178
36.75	6603.608312
36.76	6605.255768
36.77	6607.099934
36.78	6611.163154
36.79	6614.510324
36.8	6622.100809
36.81	6623.158655
36.82	6628.753656
36.83	6630.517318
36.84	6632.977614
36.85	6638.500824
36.86	6643.290386
36.87	6644.272015
36.88	6648.405399
36.89	6654.953095
36.9	6658.399655
36.91	6662.395086
36.92	6662.359056
36.93	6668.514826
36.94	6671.273405
36.95	6675.617491
36.96	6678.729497
36.97	6679.905586
36.98	6688.212216
36.99	6689.153313
37	6692.722274
37.01	6697.457353
37.02	6701.086989
37.03	6701.881898
37.04	6708.313123
37.05	6709.55237
37.06	6714.362816
37.07	6716.976379
37.08	6724.647282
37.09	6726.750951
37.1	6731.65276
37.11	6733.592019
37.12	6737.851653
37.13	6740.718224
37.14	6746.229618
37.15	6749.239134
37.16	6752.37022
37.17	6754.416738
37.18	6761.013925
37.19	6762.214876
37.2	6765.759544
37.21	6769.063256
37.22	6773.263083
37.23	6776.07213
37.24	6782.798235
37.25	6782.958565
37.26	6788.130749
37.27	6794.112352
37.28	6798.049087
37.29	6799.683364
37.3	6803.474836
37.31	6807.738612
37.32	6810.21354
37.33	6815.759969
37.34	6820.455621
37.35	6823.855078
37.36	6824.823963
37.37	6828.866789
37.38	6831.450675
37.39	6836.364151
37.4	6839.55956
37.41	6844.497833
37.42	6848.912674
37.43	6853.533433
37.44	6853.914007
37.45	6858.928712
37.46	6862.319921
37.47	6868.740148
37.48	6870.804245
37.49	6873.578801
37.5	6879.262983
37.51	6881.061187
37.52	6887.343973
37.53	6889.661199
37.54	6891.441989
37.55	6896.831073
37.56	6898.079799
37.57	6903.451328
37.58	6905.155525
37.59	6911.005455
37.6	6912.648248
37.61	6917.13582
37.62	6923.996397
37.63	6927.002096
37.64	6927.792782
37.65	6931.506673
37.66	6936.201534
37.67	6942.650099
37.68	6942.3208
37.69	6950.51672
37.7	6953.599725
37.71	6954.220071
37.72	6961.530219
37.73	6964.495216
37.74	6966.242317
37.75	6968.906157
37.76	6975.311712
37.77	6975.540967
37.78	6979.213987
37.79	6984.665177
37.8	6991.222981
37.81	6993.052032
37.82	6998.725638
37.83	6998.842068
37.84	7002.591478
37.85	7006.194621
37.86	7010.925058
37.87	7013.589191
37.88	7021.240214
37.89	7022.986785
37.9	7026.66202
37.91	7029.72836
37.92	7034.311382
37.93	7037.622159
37.94	7039.325103
37.95	7044.409038
37.96	7048.336203
37.97	7052.781932
37.98	7057.035747
37.99	7062.238647
38	7063.247552
38.01	7068.409794
38.02	7073.052765
38.03	7077.284058
38.04	7078.221177
38.05	7080.780055
38.06	7085.464051
38.07	7088.546891
38.08	7096.617003
38.09	7098.765203
38.1	7102.922882
38.11	7104.104178
38.12	7109.421101
38.13	7111.923053
38.14	7118.416708
38.15	7118.531636
38.16	7123.184795
38.17	7126.402743
38.18	7134.3504
38.19	7136.288335
38.2	7139.196538
38.21	7141.331104
38.22	7146.791523
38.23	7151.590867
38.24	7156.678211
38.25	7156.226526
38.26	7163.309377
38.27	7167.021555
38.28	7170.088195
38.29	7171.268396
38.3	7178.533988
38.31	7181.200768
38.32	7182.650973
38.33	7189.546128
38.34	7190.199566
38.35	7196.831677
38.36	7197.823311
38.37	7204.072397
38.38	7207.975895
38.39	7209.154321
38.4	7215.780397
38.41	7219.451472
38.42	7220.915304
38.43	7227.69755
38.44	7229.088015
38.45	7235.45899
38.46	7237.639779
38.47	7242.483276
38.48	7244.991436
38.49	7250.258548
38.5	7253.327216
38.51	7257.868087
38.52	7262.470043
38.53	7265.89745
38.54	7269.656931
38.55	7273.177238
38.56	7273.732708
38.57	7281.856686
38.58	7283.865498
38.59	7286.614306
38.6	7289.678914
38.61	7293.33397
38.62	7298.495997
38.63	7300.65173
38.64	7305.95248
38.65	7310.082182
38.66	7312.781768
38.67	7317.124279
38.68	7322.837209
38.69	7326.573521
38.7	7330.775045
38.71	7333.826126
38.72	7337.673463
38.73	7341.683408
38.74	7343.767296
38.75	7349.402657
38.76	7353.363752
38.77	7358.181864
38.78	7357.80013
38.79	7364.909377
38.8	7370.275607
38.81	7371.560812
38.82	7374.358144
38.83	7377.644042
38.84	7383.585685
38.85	7386.24619
38.86	7392.814357
38.87	7395.915642
38.88	7396.257961
38.89	7403.179756
38.9	7405.870654
38.91	7409.034666
38.92	7412.710959
38.93	7417.824199
38.94	7420.998609
38.95	7424.540014
38.96	7428.997584
38.97	7435.453089
38.98	7435.484335
38.99	7439.217441
39	7443.704171
39.01	7450.832203
39.02	7453.013612
39.03	7454.200985
39.04	7459.059446
39.05	7465.370667
39.06	7468.074218
39.07	7473.09878
39.08	7473.507973
39.09	7479.169982
39.1	7482.764421
39.11	7486.419326
39.12	7492.526253
39.13	7497.030871
39.14	7498.539054
39.15	7502.107177
39.16	7505.743967
39.17	7511.700611
39.18	7513.260972
39.19	7518.089817
39.2	7523.034928
39.21	7525.911547
39.22	7528.460748
39.23	7534.50705
39.24	7537.614911
39.25	7540.905869
39.26	7546.569276
39.27	7547.446573
39.28	7551.766396
39.29	7555.560468
39.3	7563.022906
39.31	7563.037498
39.32	7568.977175
39.33	7572.744647
39.34	7578.339904
39.35	7580.703494
39.36	7583.0587
39.37	7585.957438
39.38	7592.392095
39.39	7596.805058
39.4	7599.921812
39.41	7604.503791
39.42	7608.584114
39.43	7611.967643
39.44	7616.18283
39.45	7619.939698
39.46	7625.071098
39.47	7627.434703
39.48	7632.047576
39.49	7636.272039
39.5	7637.033841
39.51	7640.598383
39.52	7646.874773
39.53	7650.263754
39.54	7654.625253
39.55	7658.440557
39.56	7662.129262
39.57	7668.296373
39.58	7671.547991
39.59	7676.200957
39.6	7678.46038
39.61	7682.44219
39.62	7685.289595
39.63	7691.604954
39.64	7695.026512
39.65	7696.185683
39.66	7699.888527
39.67	7706.40859
39.68	7710.717131
39.69	7713.641301
39.7	7717.1641
39.71	7721.893166
39.72	7726.127908
39.73	7728.895625
39.74	7732.97761
39.75	7739.324258
39.76	7741.571337
39.77	7745.912062
39.78	7750.07173
39.79	7752.514688
39.8	7756.475192
39.81	7759.290351
39.82	7765.581235
39.83	7770.216469
39.84	7772.859766
39.85	7778.425894
39.86	7779.585072
39.87	7784.181896
39.88	7786.746312
39.89	7793.068639
39.9	7794.99525
39.91	7798.919504
39.92	7803.697021
39.93	7807.180748
39.94	7810.582399
39.95	7818.401648
39.96	7821.486776
39.97	7823.217046
39.98	7827.598324
39.99	7829.339874
40	7834.778224
40.01	7837.391383
40.02	7845.198836
40.03	7846.674494
40.04	7851.83128
40.05	7855.594944
40.06	7861.789778
40.07	7863.294601
40.08	7865.308233
40.09	7870.284802
40.1	7873.678721
40.11	7879.76279
40.12	7881.445415
40.13	7886.524718
40.14	7891.292478
40.15	7897.511905
40.16	7897.788925
40.17	7904.092635
40.18	7906.58934
40.19	7910.828939
40.2	7914.935921
40.21	7919.964616
40.22	7922.043325
40.23	7926.317517
40.24	7930.84307
40.25	7934.864526
40.26	7941.319752
40.27	7944.310122
40.28	7945.221629
40.29	7953.306232
40.3	7953.306836
40.31	7959.318626
40.32	7963.081282
40.33	7964.520334
40.34	7968.485024
40.35	7976.192118
40.36	7977.431198
40.37	7981.683621
40.38	7985.628437
40.39	7989.158413
40.4	7992.325843
40.41	8000.120258
40.42	8005.243998
40.43	8006.891006
40.44	8011.163473
40.45	8012.756326
40.46	8017.889684
40.47	8023.72535
40.48	8026.972775
40.49	8029.109095
40.5	8034.666571
40.51	8037.450258
40.52	8042.484295
40.53	8045.85681
40.54	8048.996348
40.55	8055.598145
40.56	8059.920032
40.57	8061.375804
40.58	8067.665417
40.59	8070.666529
40.6	8073.01015
40.61	8080.160129
40.62	8081.373393
40.63	8085.538218
40.64	8092.24812
40.65	8096.159724
40.66	8097.470507
40.67	8101.610732
40.68	8108.891764
40.69	8113.126948
40.7	8113.986921
40.71	8121.162101
40.72	8122.055927
40.73	8126.985164
40.74	8133.334871
40.75	8135.527951
40.76	8140.711513
40.77	8141.586401
40.78	8149.638487
40.79	8151.515508
40.8	8156.771658
40.81	8158.15551
40.82	8161.99435
40.83	8168.707613
40.84	8173.796147
40.85	8173.495466
40.86	8180.991984
40.87	8185.391212
40.88	8186.489321
40.89	8192.83251
40.9	8194.155866
40.91	8198.562698
40.92	8202.248411
40.93	8209.344907
40.94	8209.79476
40.95	8217.085225
40.96	8219.768918
40.97	8223.982046
40.98	8229.818827
40.99	8234.501631
41	8238.860098
41.01	8240.772099
41.02	8246.74868
41.03	8248.191541
41.04	8250.913662
41.05	8254.474722
41.06	8259.949558
41.07	8264.817738
41.08	8267.827794
41.09	8273.278614
41.1	8276.890259
41.11	8282.677408
41.12	8286.342872
41.13	8287.816591
41.14	8294.395131
41.15	8295.807011
41.16	8304.053424
41.17	8304.681217
41.18	8309.553063
41.19	8313.434839
41.2	8317.026438
41.21	8320.844994
41.22	8326.705524
41.23	8330.019978
41.24	8333.911414
41.25	8336.964086
41.26	8341.673552
41.27	8344.750321
41.28	8352.790093
41.29	8356.133228
41.3	8358.473765
41.31	8361.022744
41.32	8365.978238
41.33	8369.385016
41.34	8374.765588
41.35	8379.179746
41.36	8381.936457
41.37	8388.649105
41.38	8393.641147
41.39	8395.008314
41.4	8400.405014
41.41	8402.799217
41.42	8405.657511
41.43	8409.493359
41.44	8417.56307
41.45	8418.78301
41.46	8425.171003
41.47	8426.544862
41.48	8433.982067
41.49	8435.477893
41.5	8438.416084
41.51	8446.097415
41.52	8449.807698
41.53	8452.911093
41.54	8459.078791
41.55	8460.213871
41.56	8465.887476
41.57	8471.584219
41.58	8475.350961
41.59	8475.290831
41.6	8480.619867
41.61	8487.027781
41.62	8488.045991
41.63	8493.160737
41.64	8499.518262
41.65	8504.634002
41.66	8505.257284
41.67	8509.445819
41.68	8516.182942
41.69	8520.35379
41.7	8520.95173
41.71	8527.551005
41.72	8530.67202
41.73	8536.873935
41.74	8541.287655
41.75	8544.571591
41.76	8549.198761
41.77	8551.396879
41.78	8557.300885
41.79	8560.379136
41.8	8565.913728
41.81	8566.657334
41.82	8574.414295
41.83	8577.092526
41.84	8578.813337
41.85	8585.008377
41.86	8591.542871
41.87	8591.012833
41.88	8599.17495
41.89	8603.080308
41.9	8604.927111
41.91	8611.207572
41.92	8615.863985
41.93	8618.652907
41.94	8622.997036
41.95	8624.852283
41.96	8631.007053
41.97	8632.991643
41.98	8640.827578
41.99	8642.031599
42	8645.678297
42.01	8651.064501
42.02	8655.860335
42.03	8661.587656
42.04	8663.614822
42.05	8666.270705
42.06	8672.281312
42.07	8677.771018
42.08	8680.317782
42.09	8686.902387
42.1	8688.353865
42.11	8690.713349
42.12	8697.900969
42.13	8702.066699
42.14	8707.787777
42.15	8707.641942
42.16	8713.529458
42.17	8719.738641
42.18	8720.525531
42.19	8726.158269
42.2	8729.33138
42.21	8736.280894
42.22	8740.785602
42.23	8741.112067
42.24	8747.188629
42.25	8750.392292
42.26	8757.796622
42.27	8761.718652
42.28	8762.378172
42.29	8770.361127
42.3	8770.248692
42.31	8777.50156
42.32	8781.11293
42.33	8784.91159
42.34	8787.547222
42.35	8793.225302
42.36	8796.452959
42.37	8803.811013
42.38	8806.810277
42.39	8808.530623
42.4	8814.508005
42.41	8818.697508
42.42	8824.400578
42.43	8825.9932
42.44	8828.797817
42.45	8837.76433
42.46	8839.238997
42.47	8841.372939
42.48	8850.361839
42.49	8854.203128
42.5	8858.653933
42.51	8859.626607
42.52	8864.90941
42.53	8871.045592
42.54	8872.538413
42.55	8875.811762
42.56	8881.484905
42.57	8884.74858
42.58	8892.508243
42.59	8893.514564
42.6	8900.840459
42.61	8903.606896
42.62	8909.071201
42.63	8909.371252
42.64	8914.534537
42.65	8920.857662
42.66	8925.862954
42.67	8928.636913
42.68	8930.681919
42.69	8936.05935
42.7	8942.60364
42.71	8946.814775
42.72	8950.031737
42.73	8953.31352
42.74	8955.557835
42.75	8962.708967
42.76	8966.514715
42.77	8968.677089
42.78	8976.904497
42.79	8980.03679
42.8	8982.323929
42.81	8985.481945
42.82	8990.803869
42.83	8994.363045
42.84	8999.77473
42.85	9002.650018
42.86	9007.548813
42.87	9012.40377
42.88	9019.115486
42.89	9023.230035
42.9	9027.044936
42.91	9028.270113
42.92	9034.992666
42.93	9036.747464
42.94	9044.576297
42.95	9044.960788
42.96	9051.152062
42.97	9056.049069
42.98	9060.978877
42.99	9065.136457
43	9065.749019
43.01	9070.60407
43.02	9074.32936
43.03	9083.34239
43.04	9083.463576
43.05	9087.061955
43.06	9093.907306
43.07	9097.029412
43.08	9104.079624
43.09	9104.938127
43.1	9109.688815
43.11	9115.552549
43.12	9117.561044
43.13	9123.833797
43.14	9126.978397
43.15	9130.310244
43.16	9137.272045
43.17	9139.260547
43.18	9145.962656
43.19	9148.617411
43.2	9152.474029
43.21	9156.365154
43.22	9161.368574
43.23	9166.073103
43.24	9171.985042
43.25	9172.512469
43.26	9180.805312
43.27	9184.722557
43.28	9186.070885
43.29	9191.550023
43.3	9198.370198
43.31	9201.462279
43.32	9202.533199
43.33	9206.999889
43.34	9213.662931
43.35	9218.33179
43.36	9221.527973
43.37	9226.166132
43.38	9230.410912
43.39	9236.992572
43.4	9237.552842
43.41	9244.727282
43.42	9248.167969
43.43	9251.18204
43.44	9254.267692
43.45	9262.652797
43.46	9266.395419
43.47	9271.054228
43.48	9272.64969
43.49	9276.451344
43.5	9280.177539
43.51	9286.986315
43.52	9290.04045
43.53	9295.984506
43.54	9297.553593
43.55	9302.39789
43.56	9308.602539
43.57	9311.707915
43.58	9316.466346
43.59	9323.555414
43.6	9323.651092
43.61	9332.134275
43.62	9334.223492
43.63	9335.924933
43.64	9344.264349
43.65	9344.742329
43.66	9352.684258
43.67	9354.71251
43.68	9360.844245
43.69	9362.187016
43.7	9368.676582
43.71	9373.504327
43.72	9377.182152
43.73	9382.808451
43.74	9386.945711
43.75	9388.689462
43.76	9394.570002
43.77	9396.768174
43.78	9402.122297
43.79	9410.08279
43.8	9414.273864
43.81	9413.877901
43.82	9420.889645
43.83	9427.134417
43.84	9430.055623
43.85	9434.974127
43.86	9435.910524
43.87	9443.833784
43.88	9446.084893
43.89	9448.787002
43.9	9456.835123
43.91	9457.95141
43.92	9465.092517
43.93	9470.651902
43.94	9473.245224
43.95	9477.309359
43.96	9483.125027
43.97	9487.752235
43.98	9489.501384
43.99	9492.475519
44	9496.647406
44.01	9503.071095
44.02	9505.273906
44.03	9513.951299
44.04	9516.236362
44.05	9520.354352
44.06	9526.339156
44.07	9529.523389
44.08	9535.682028
44.09	9535.734176
44.1	9544.21954
44.11	9544.412386
44.12	9549.91101
44.13	9553.427123
44.14	9558.906474
44.15	9565.92659
44.16	9570.138176
44.17	9572.819505
44.18	9577.005558
44.19	9580.604473
44.2	9584.584717
44.21	9590.726355
44.22	9593.351028
44.23	9597.596661
44.24	9603.532602
44.25	9607.735304
44.26	9611.541884
44.27	9616.955813
44.28	9618.85317
44.29	9624.66346
44.3	9627.780686
44.31	9635.091466
44.32	9636.727442
44.33	9641.529434
44.34	9645.801227
44.35	9651.571967
44.36	9656.727565
44.37	9662.125247
44.38	9662.922677
44.39	9670.606966
44.4	9675.197642
44.41	9677.414412
44.42	9684.929537
44.43	9687.668191
44.44	9689.684412
44.45	9695.456258
44.46	9700.33047
44.47	9707.100592
44.48	9707.565039
44.49	9713.495756
44.5	9716.732543
44.51	9720.82317
44.52	9727.389007
44.53	9731.889817
44.54	9736.754405
44.55	9742.391027
44.56	9745.069977
44.57	9747.550716
44.58	9752.200958
44.59	9757.484132
44.6	9759.916209
44.61	9764.870105
44.62	9768.869625
44.63	9777.540039
44.64	9778.074035
44.65	9783.590053
44.66	9790.679694
44.67	9793.931776
44.68	9798.187218
44.69	9804.26974
44.7	9806.75789
44.71	9809.769644
44.72	9813.521489
44.73	9822.067718
44.74	9824.886369
44.75	9828.788291
44.76	9833.39802
44.77	9839.44481
44.78	9840.353344
44.79	9844.72881
44.8	9849.941969
44.81	9854.858797
44.82	9861.475961
44.83	9861.734667
44.84	9870.987368
44.85	9872.483695
44.86	9878.943902
44.87	9884.075717
44.88	9883.96075
44.89	9890.233506
44.9	9893.184453
44.91	9901.104342
44.92	9901.671491
44.93	9909.353302
44.94	9912.882489
44.95	9917.871492
44.96	9920.484689
44.97	9927.989403
44.98	9930.693357
44.99	9935.508472
45	9938.986337
45.01	9943.184093
45.02	9947.232712
45.03	9953.549283
45.04	9958.514609
45.05	9963.122484
45.06	9965.601538
45.07	9972.171367
45.08	9973.194584
45.09	9979.963864
45.1	9982.316591
45.11	9987.171323
45.12	9994.14943
45.13	9999.507603
45.14	10003.32356
45.15	10004.65522
45.16	10013.36284
45.17	10015.51674
45.18	10022.13738
45.19	10023.65608
45.2	10030.42665
45.21	10035.25895
45.22	10040.0022
45.23	10041.00974
45.24	10047.54502
45.25	10052.68566
45.26	10057.21125
45.27	10060.46426
45.28	10066.4549
45.29	10071.47524
45.3	10072.41055
45.31	10080.32128
45.32	10085.22549
45.33	10087.41024
45.34	10093.11419
45.35	10096.8627
45.36	10102.05149
45.37	10103.12432
45.38	10110.7964
45.39	10116.11582
45.4	10120.5462
45.41	10124.86341
45.42	10125.64996
45.43	10133.37384
45.44	10135.96447
45.45	10141.185
45.46	10144.38239
45.47	10148.56333
45.48	10154.45125
45.49	10160.65835
45.5	10165.9482
45.51	10167.30264
45.52	10171.94758
45.53	10178.41393
45.54	10182.30295
45.55	10184.358
45.56	10190.91423
45.57	10196.50147
45.58	10199.71936
45.59	10205.55733
45.6	10211.05055
45.61	10214.02592
45.62	10215.86796
45.63	10222.27069
45.64	10226.60429
45.65	10231.8798
45.66	10237.44879
45.67	10240.68868
45.68	10245.17443
45.69	10251.64901
45.7	10252.98995
45.71	10260.49434
45.72	10263.66162
45.73	10268.2853
45.74	10272.52607
45.75	10278.67694
45.76	10280.58431
45.77	10283.70432
45.78	10289.36955
45.79	10294.49138
45.8	10301.86654
45.81	10302.20493
45.82	10309.7661
45.83	10315.54983
45.84	10318.25273
45.85	10320.7787
45.86	10326.50467
45.87	10329.09346
45.88	10336.4849
45.89	10341.44552
45.9	10347.33846
45.91	10350.8
45.92	10355.34616
45.93	10359.78672
45.94	10364.38649
45.95	10365.78654
45.96	10370.38574
45.97	10376.02381
45.98	10381.79075
45.99	10386.52723
46	10388.7097
46.01	10394.90559
46.02	10398.92762
46.03	10406.46942
46.04	10406.83095
46.05	10413.3027
46.06	10416.17566
46.07	10422.25368
46.08	10429.35675
46.09	10433.93668
46.1	10435.54439
46.11	10441.69324
46.12	10444.22828
46.13	10448.30713
46.14	10453.18974
46.15	10459.76743
46.16	10464.89523
46.17	10469.83471
46.18	10470.60609
46.19	10475.65929
46.2	10479.45541
46.21	10484.47627
46.22	10492.95019
46.23	10493.7729
46.24	10500.87664
46.25	10505.48788
46.26	10507.59841
46.27	10515.48665
46.28	10519.5179
46.29	10524.26452
46.3	10528.65582
46.31	10531.06532
46.32	10539.21108
46.33	10540.23457
46.34	10545.89602
46.35	10552.67852
46.36	10555.61034
46.37	10560.7009
46.38	10564.82151
46.39	10569.92079
46.4	10571.34584
46.41	10576.47597
46.42	10580.46987
46.43	10589.06342
46.44	10592.8301
46.45	10596.83905
46.46	10599.05815
46.47	10605.38004
46.48	10611.2928
46.49	10617.20548
46.5	10618.93523
46.51	10623.9656
46.52	10630.10229
46.53	10634.21504
46.54	10637.16555
46.55	10641.61848
46.56	10649.41893
46.57	10652.832
46.58	10654.34977
46.59	10661.59658
46.6	10664.25655
46.61	10668.24021
46.62	10675.25755
46.63	10678.87298
46.64	10684.48601
46.65	10687.09483
46.66	10691.50088
46.67	10699.473
46.68	10702.86861
46.69	10708.7774
46.7	10713.60064
46.71	10715.63052
46.72	10718.84581
46.73	10728.2363
46.74	10730.25928
46.75	10733.50583
46.76	10738.10574
46.77	10745.75344
46.78	10749.69623
46.79	10752.22816
46.8	10759.7328
46.81	10763.48337
46.82	10766.06745
46.83	10772.51151
46.84	10776.73359
46.85	10783.02826
46.86	10784.31704
46.87	10788.75706
46.88	10793.84579
46.89	10799.11777
46.9	10805.84407
46.91	10809.74587
46.92	10812.78834
46.93	10818.32207
46.94	10824.71525
46.95	10829.49336
46.96	10832.76654
46.97	10837.4714
46.98	10841.01462
46.99	10847.8389
47	10850.07962
47.01	10857.77717
47.02	10862.21144
47.03	10865.60095
47.04	10870.9307
47.05	10876.936
47.06	10877.56847
47.07	10884.78276
47.08	10889.39484
47.09	10892.05172
47.1	10898.08969
47.11	10903.83002
47.12	10909.09362
47.13	10913.62905
47.14	10916.85362
47.15	10923.50385
47.16	10928.44602
47.17	10931.67889
47.18	10935.46215
47.19	10941.38273
47.2	10942.225
47.21	10947.2603
47.22	10954.98349
47.23	10960.20209
47.24	10963.88676
47.25	10968.3163
47.26	10973.96282
47.27	10979.3873
47.28	10980.1374
47.29	10984.70856
47.3	10992.63036
47.31	10996.01983
47.32	10999.27276
47.33	11003.54813
47.34	11011.33847
47.35	11016.04301
47.36	11017.65539
47.37	11022.69159
47.38	11027.77982
47.39	11035.00445
47.4	11036.59678
47.41	11041.17221
47.42	11047.93923
47.43	11054.0347
47.44	11057.68521
47.45	11060.5962
47.46	11066.72686
47.47	11071.46599
47.48	11074.83387
47.49	11082.16593
47.5	11086.44842
47.51	11089.90579
47.52	11095.20236
47.53	11097.8968
47.54	11103.87162
47.55	11108.78458
47.56	11116.19001
47.57	11119.80706
47.58	11122.111
47.59	11126.22975
47.6	11130.94078
47.61	11137.79812
47.62	11143.70101
47.63	11148.21826
47.64	11153.25456
47.65	11157.98118
47.66	11162.54443
47.67	11166.29904
47.68	11171.84106
47.69	11176.03741
47.7	11181.99291
47.71	11182.09914
47.72	11187.52499
47.73	11194.15409
47.74	11200.96677
47.75	11202.23286
47.76	11208.77854
47.77	11212.77896
47.78	11219.02179
47.79	11223.80386
47.8	11227.25885
47.81	11230.00374
47.82	11235.5707
47.83	11241.02959
47.84	11243.64932
47.85	11249.98417
47.86	11255.11731
47.87	11259.14807
47.88	11262.90848
47.89	11267.64238
47.9	11273.1234
47.91	11281.46969
47.92	11282.09927
47.93	11288.594
47.94	11292.34892
47.95	11298.74102
47.96	11301.78655
47.97	11306.05325
47.98	11312.86899
47.99	11315.09085
48	11320.24516
48.01	11326.73814
48.02	11333.86399
48.03	11336.6693
48.04	11341.10969
48.05	11345.27623
48.06	11352.51042
48.07	11356.36072
48.08	11359.34914
48.09	11363.49294
48.1	11371.14438
48.11	11376.49997
48.12	11381.59563
48.13	11385.81374
48.14	11387.40613
48.15	11394.37654
48.16	11396.6999
48.17	11403.172
48.18	11406.83156
48.19	11413.73921
48.2	11419.47142
48.21	11422.36789
48.22	11424.88307
48.23	11431.59307
48.24	11437.23201
48.25	11440.81241
48.26	11447.27809
48.27	11451.41617
48.28	11456.97916
48.29	11458.31099
48.3	11465.16779
48.31	11471.56664
48.32	11474.37674
48.33	11479.56859
48.34	11486.94108
48.35	11488.00852
48.36	11495.85183
48.37	11499.61755
48.38	11505.76918
48.39	11507.82969
48.4	11513.53925
48.41	11520.04947
48.42	11521.10261
48.43	11526.5341
48.44	11532.6273
48.45	11537.27277
48.46	11542.78945
48.47	11547.05551
48.48	11553.40852
48.49	11554.23371
48.5	11563.73285
48.51	11566.72681
48.52	11570.43903
48.53	11576.24696
48.54	11582.97692
48.55	11585.95709
48.56	11590.07217
48.57	11592.75057
48.58	11601.41031
48.59	11604.00778
48.6	11610.52143
48.61	11612.49559
48.62	11618.81019
48.63	11624.6406
48.64	11630.05685
48.65	11631.97958
48.66	11638.10197
48.67	11645.33322
48.68	11649.79932
48.69	11654.98406
48.7	11657.97269
48.71	11664.38347
48.72	11668.42544
48.73	11673.23983
48.74	11676.37724
48.75	11683.42584
48.76	11686.14007
48.77	11689.56957
48.78	11698.38033
48.79	11701.04172
48.8	11705.49643
48.81	11708.78691
48.82	11714.42283
48.83	11719.56851
48.84	11727.6574
48.85	11732.4675
48.86	11732.5624
48.87	11737.40253
48.88	11744.74977
48.89	11748.46769
48.9	11753.24104
48.91	11757.06759
48.92	11761.9419
48.93	11770.73928
48.94	11775.2165
48.95	11777.901
48.96	11781.22032
48.97	11787.54989
48.98	11791.6435
48.99	11798.94843
49	11804.03948
49.01	11809.86565
49.02	11813.77222
49.03	11817.49875
49.04	11820.54255
49.05	11828.44191
49.06	11829.9981
49.07	11834.49329
49.08	11840.01786
49.09	11845.94333
49.1	11850.5544
49.11	11857.26177
49.12	11863.16418
49.13	11866.03231
49.14	11869.13247
49.15	11876.02272
49.16	11879.07567
49.17	11886.7584
49.18	11892.23954
49.19	11895.58496
49.2	11900.01981
49.21	11905.23473
49.22	11908.39539
49.23	11917.18888
49.24	11917.34632
49.25	11924.32587
49.26	11928.1782
49.27	11933.4788
49.28	11940.84124
49.29	11944.04076
49.3	11950.15006
49.31	11955.28739
49.32	11957.00634
49.33	11964.30534
49.34	11967.25437
49.35	11973.70767
49.36	11978.51735
49.37	11982.46776
49.38	11987.68487
49.39	11992.43172
49.4	11996.42176
49.41	12002.52583
49.42	12009.52982
49.43	12010.54906
49.44	12020.07651
49.45	12022.66108
49.46	12027.45578
49.47	12030.97568
49.48	12038.33761
49.49	12043.44941
49.5	12045.60816
49.51	12052.62175
49.52	12056.83886
49.53	12061.66554
49.54	12068.08003
49.55	12073.71676
49.56	12075.52915
49.57	12082.16707
49.58	12084.31335
49.59	12089.52403
49.6	12097.89307
49.61	12099.29499
49.62	12108.24588
49.63	12110.24335
49.64	12116.86953
49.65	12120.49907
49.66	12126.40546
49.67	12131.59001
49.68	12134.08574
49.69	12138.71883
49.7	12144.87948
49.71	12147.95525
49.72	12153.88692
49.73	12157.94464
49.74	12164.52062
49.75	12171.14062
49.76	12176.05139
49.77	12180.95002
49.78	12185.18512
49.79	12188.2561
49.8	12196.10163
49.81	12199.36837
49.82	12203.44387
49.83	12208.83715
49.84	12216.3602
49.85	12217.91575
49.86	12226.16626
49.87	12230.9224
49.88	12235.54333
49.89	12238.69273
49.9	12243.34388
49.91	12249.49565
49.92	12253.13083
49.93	12259.94069
49.94	12264.63075
49.95	12269.38983
49.96	12272.3861
49.97	12278.70781
49.98	12282.46514
49.99	12288.51007
50	12295.7082
